9.999999999999999547e-07 1.150309443308607428e-05
1.023316578330244814e-06 1.204577384268066691e-05
1.047176819485520330e-06 1.261405514082021882e-05
1.071593399822671139e-06 1.320914614317909122e-05
1.096579291267809966e-06 1.383231164633370790e-05
1.122147768207980129e-06 1.448487611594025218e-05
1.148312414543511196e-06 1.516822650173209332e-05
1.175087130904807464e-06 1.588381518531978691e-05
1.202486142037412225e-06 1.663316306705898590e-05
1.230524004359261563e-06 1.741786279854685090e-05
1.259215613694150849e-06 1.823958216761745402e-05
1.288576213185518045e-06 1.910006764303045585e-05
1.318621401394748467e-06 2.000114808638692716e-05
1.349367140588306489e-06 2.094473863916156863e-05
1.380829765218092407e-06 2.193284479311269483e-05
1.413025990599533632e-06 2.296756665272130262e-05
1.445972921792019565e-06 2.405110339871839389e-05
1.479688062686396214e-06 2.518575796218730788e-05
1.514189325304352035e-06 2.637394191917542829e-05
1.549495039314631713e-06 2.761818061621797472e-05
1.585623961771137209e-06 2.892111853766778275e-05
1.622595287078087214e-06 3.028552492623866167e-05
1.660428657187529599e-06 3.171429966870805583e-05
1.699144172034625966e-06 3.321047945928838174e-05
1.738762400216250434e-06 3.477724425376680538e-05
1.779304389918577364e-06 3.641792402813061612e-05
1.820791680099462520e-06 3.813600585604311704e-05
1.863246311931559818e-06 3.993514132021240521e-05
1.906690840512251975e-06 4.181915427340481548e-05
1.951148346846616293e-06 4.379204896559834388e-05
1.996642450109793374e-06 4.585801855454945812e-05
2.043197320195270527e-06 4.802145401786106705e-05
2.090837690555749843e-06 5.028695348549391461e-05
2.139588871343421664e-06 5.265933201255581332e-05
2.189476762856620668e-06 5.514363181314023491e-05
2.240527869300017970e-06 5.774513297696475678e-05
2.292769312865648563e-06 6.046936469158636435e-05
2.346228848142262270e-06 6.332211699404542064e-05
2.400934876860651595e-06 6.630945307691450566e-05
2.456916462982790237e-06 6.943772217490767657e-05
2.514203348142796490e-06 7.271357305943899278e-05
2.572825967447932223e-06 7.614396816981134979e-05
2.632815465648020122e-06 7.973619841106978378e-05
2.694203713681882057e-06 8.349789864997042728e-05
2.757023325609582764e-06 8.743706394200042686e-05
2.821307675939470909e-06 9.156206652393607411e-05
2.887090917359234552e-06 9.588167360805690588e-05
2.954407998880379827e-06 1.004050660158336942e-04
3.023294684405776334e-06 1.051418576906942935e-04
3.093787571730136731e-06 1.101021161313404218e-04
3.165924111983520818e-06 1.152963837890425946e-04
3.239742629528195378e-06 1.207357004743919661e-04
3.315282342319423268e-06 1.264316268211307631e-04
3.392583382740992040e-06 1.323962688569322254e-04
3.471686818926559579e-06 1.386423037333517209e-04
3.552634676578139464e-06 1.451830066696351495e-04
3.635469961293317715e-06 1.520322791676510701e-04
3.720236681413065725e-06 1.592046785579136095e-04
3.806979871402283974e-06 1.667154489394911379e-04
3.895745615775500812e-06 1.745805535795622889e-04
3.986581073580438997e-06 1.828167088414783586e-04
4.079534503452448557e-06 1.914414197134402577e-04
4.174655289253134888e-06 2.004730170133148053e-04
4.271993966306776970e-06 2.099306963486530740e-04
4.371602248248501995e-06 2.198345589147198949e-04
4.473533054498463085e-06 2.302056542172665240e-04
4.577840538376616169e-06 2.410660248107959270e-04
4.684580115873045307e-06 2.524387531474317470e-04
4.793808495089106764e-06 2.643480106359781252e-04
4.905583706365045857e-06 2.768191090153494078e-04
5.019965133110079395e-06 2.898785541516776484e-04
5.137013543351338897e-06 3.035541023735269608e-04
5.256791122018419569e-06 3.178748194647386329e-04
5.379361503980697620e-06 3.328711424405690969e-04
5.504789807854967299e-06 3.485749442384772703e-04
5.633142670601352205e-06 3.650196014599458227e-04
5.764488282925873171e-06 3.822400653084730387e-04
5.898896425508492959e-06 4.002729358739402668e-04
6.036438506075863713e-06 4.191565399194238498e-04
6.177187597338488473e-06 4.389310123412351735e-04
6.321218475812448520e-06 4.596383814719381912e-04
6.468607661546320942e-06 4.813226584070072565e-04
6.619433458774387721e-06 5.040299305542040274e-04
6.773775997517744987e-06 5.278084595889468138e-04
6.931717276155400522e-06 5.527087840215866472e-04
7.093341204987989700e-06 5.787838266109597259e-04
7.258733650817245705e-06 6.060890068211802076e-04
7.427982482564910469e-06 6.346823585727353256e-04
7.601177617955322483e-06 6.646246536251858208e-04
7.778411071286482598e-06 6.959795307456868732e-04
7.959777002314978321e-06 7.288136310123076488e-04
8.145371766280736623e-06 7.631967396791409109e-04
8.335293965098186867e-06 7.992019343710352226e-04
8.529644499741016815e-06 8.369057403303527785e-04
8.728526623848370479e-06 8.763882930048053944e-04
8.932045998580959975e-06 9.177335074366006632e-04
9.140310748756222539e-06 9.610292566370813409e-04
9.353431520292377225e-06 1.006367558958295647e-03
9.571521538991855843e-06 1.053844773691660830e-03
9.794696670695385670e-06 1.103561808683167170e-03
1.002307548283864352e-05 1.155624337479865078e-03
1.025677930744420885e-05 1.210143020342694222e-03
1.049593230558226690e-05 1.267233739152351726e-03
1.074066153333432268e-05 1.327017837648363646e-03
1.099109700929496075e-05 1.389622358833376503e-03
1.124737178364750747e-05 1.455180329272233973e-03
1.150962200885031106e-05 1.523831046780572919e-03
1.177798701197118017e-05 1.595720380499699798e-03
1.205260936870841401e-05 1.671001126162466625e-03
1.233363497913774693e-05 1.749833320236614687e-03
1.262121314522546164e-05 1.832384555965393567e-03
1.291549665014882683e-05 1.918830339226773683e-03
1.321664183946603801e-05 2.009354426368190408e-03
1.352480870417873994e-05 2.104149195931424333e-03
1.384016096573130180e-05 2.203416095092196846e-03
1.416286616299197323e-05 2.307366070103254729e-03
1.449309574126215066e-05 2.416220024657464611e-03
1.483102514336102853e-05 2.530209313048518375e-03
1.517683390283403825e-05 2.649576210822708090e-03
1.553070573933458561e-05 2.774574424588223225e-03
1.589282865622976477e-05 2.905469630188540174e-03
1.626339504048190734e-05 3.042540029040201495e-03
1.664260176485901990e-05 3.186076942910119267e-03
1.703065029252842484e-05 3.336385436716147491e-03
1.742774678408917511e-05 3.493784966862406756e-03
1.783410220710006182e-05 3.658610060107528837e-03
1.824993244816150412e-05 3.831211024483093235e-03
1.867545842761074234e-05 4.011954693782444556e-03
1.911090621689135813e-05 4.201225207125839321e-03
1.955650715865946999e-05 4.399424822140183058e-03
2.001249798969034841e-05 4.606974764968101675e-03
2.047912096665083489e-05 4.824316130361426883e-03
2.095662399480430758e-05 5.051910819704586927e-03
2.144526075971665420e-05 5.290242528942177072e-03
2.194529086203311546e-05 5.539817808190346943e-03
2.245697995539771554e-05 5.801167120842420574e-03
2.298059988758848710e-05 6.074845960710230711e-03
2.351642884494346329e-05 6.361436029782948504e-03
2.406475150015421866e-05 6.661546422098419545e-03
2.462585916350544169e-05 6.975814919369468028e-03
2.520004993764089510e-05 7.304909381889150566e-03
2.578762887593798400e-05 7.649529168271258436e-03
2.638890814457507585e-05 8.010406660074397348e-03
2.700420718837769874e-05 8.388308855635484909e-03
2.763385290053166867e-05 8.784038948844568109e-03
2.827817979625338199e-05 9.198438030927024583e-03
2.893753019050947418e-05 9.632386860716339941e-03
2.961225437988031288e-05 1.008680767575869698e-02
3.030271082866393099e-05 1.056266619505933681e-02
3.100926635931923166e-05 1.106097368709472485e-02
3.173229634734972955e-05 1.158278912324166993e-02
3.247218492073125124e-05 1.212922148202131949e-02
3.322932516398968385e-05 1.270143209324352609e-02
3.400411932703702948e-05 1.330063707631466870e-02
3.479697903887688269e-05 1.392810992385381912e-02
3.560832552629274530e-05 1.458518416918852707e-02
3.643858983763540501e-05 1.527325619851219000e-02
3.728821307182830118e-05 1.599378825933192583e-02
3.815764661271244413e-05 1.674831156996220427e-02
3.904735236885555739e-05 1.753842958468342442e-02
3.995780301895265397e-05 1.836582142888051536e-02
4.088948226294864539e-05 1.923224544186252077e-02
4.184288507901584570e-05 2.013954290665243702e-02
4.281851798652415236e-05 2.108964196471509178e-02
4.381689931514194311e-05 2.208456172931949624e-02
4.483855948021190816e-05 2.312641656957264286e-02
4.588404126454761567e-05 2.421742059637349564e-02
4.695390010680062706e-05 2.535989236309562148e-02
4.804870439655133953e-05 2.655625968838895221e-02
4.916903577628031102e-05 2.780906478879086388e-02
5.031548945038056354e-05 2.912096976644497695e-02
5.148867450137497919e-05 3.049476226622964067e-02
5.268921421350677227e-05 3.193336148306424177e-02
5.391774640387505315e-05 3.343982449809555779e-02
5.517492376129128718e-05 3.501735262984480290e-02
5.646141419303672785e-05 3.666929821201242445e-02
5.777790117970507076e-05 3.839917167844954238e-02
5.912508413831881030e-05 4.021064883018138358e-02
6.050367879391224625e-05 4.210757874831291825e-02
6.191441755977847869e-05 4.409399203381514365e-02
6.335804992658254750e-05 4.617410936781177894e-02
6.483534286054727050e-05 4.835235050480476970e-02
6.634708121092350460e-05 5.063334365684651200e-02
6.789406812696112826e-05 5.302193529901629704e-02
6.947712548460240371e-05 5.552320046027862943e-02
7.109709432312438478e-05 5.814245356555702154e-02
7.275483529196232206e-05 6.088525978608184952e-02
7.445122910795143767e-05 6.375744677080984191e-02
7.618717702322998534e-05 6.676511701297677126e-02
7.796360130405236585e-05 6.991466072982251145e-02
7.978144572076628584e-05 7.321276915386877582e-02
8.164167604921472403e-05 7.666644893077703693e-02
8.354528058382871408e-05 8.028303706631745307e-02
8.549327066268385105e-05 8.407021647176782242e-02
8.748668120479914808e-05 8.803603200894705161e-02
8.952657125996401179e-05 9.218890761228872022e-02
9.161402457138520365e-05 9.653766429885622669e-02
9.375015015145289155e-05 1.010915388911768492e-01
9.593608287093146887e-05 1.058602041796961601e-01
9.817298406188840773e-05 1.108537897719052423e-01
1.004620421346813112e-04 1.160829029790598349e-01
1.028044732093309733e-04 1.215586512869618746e-01
1.052015217616159118e-04 1.272926654350291509e-01
1.076544612842315928e-04 1.332971229125041734e-01
1.101645949633656949e-04 1.395847747874698619e-01
1.127332563710487184e-04 1.461689729938742410e-01
1.153618101736478507e-04 1.530636987044908248e-01
1.180516528568805612e-04 1.602835925285097662e-01
1.208042134677328878e-04 1.678439853199175935e-01
1.236209543736769146e-04 1.757609304218312740e-01
1.265033720395903835e-04 1.840512376673717199e-01
1.294529978227916035e-04 1.927325083784811044e-01
1.324713987866117508e-04 2.018231725004221155e-01
1.355601785329368979e-04 2.113425281834309943e-01
1.387209780541621008e-04 2.213107826777870601e-01
1.419554766050101563e-04 2.317490950849553089e-01
1.452653925946781202e-04 2.426796210978202084e-01
1.486524844997857086e-04 2.541255599676381927e-01
1.521185517986104894e-04 2.661112036240989576e-01
1.556654359271062154e-04 2.786619876574897292e-01
1.592950212572122977e-04 2.918045429582227790e-01
1.630092360979741085e-04 3.055667532115365903e-01
1.668100537200059119e-04 3.199778145941357677e-01
1.706994934038408014e-04 3.350682975605802083e-01
1.746796215127245720e-04 3.508702128881346916e-01
1.787525525904235457e-04 3.674170793248920375e-01
1.829204504846293803e-04 3.847439934174364251e-01
1.871855294965579319e-04 4.028877036265629541e-01
1.915500555573527931e-04 4.218866851963483100e-01
1.960163474319185771e-04 4.417812185814526948e-01
2.005867779508234102e-04 4.626134781481494596e-01
2.052637752709252192e-04 4.844276215494648929e-01
2.100498241653915262e-04 5.072698829476424143e-01
2.149474673437980470e-04 5.311886709433152332e-01
2.199593068030074913e-04 5.562346702609745064e-01
2.250880052095461704e-04 5.824609484132190484e-01
2.303362873142131230e-04 6.099230669144197758e-01
2.357069413996727843e-04 6.386791921695036400e-01
2.412028207618006860e-04 6.687902191049699407e-01
2.468268452255692339e-04 7.003199026184024900e-01
2.525820026962784779e-04 7.333349915490747772e-01
2.584713507469563534e-04 7.679053667367158331e-01
2.644980182427719858e-04 8.041041864693201369e-01
2.706652070033241072e-04 8.420080423395226443e-01
2.769761935036891046e-04 8.816971200888403803e-01
2.834343306151309184e-04 9.232553662525400107e-01
2.900430493863991868e-04 9.667706604963228756e-01
2.968058608665602493e-04 1.012335002720632149e+00
3.037263579703311511e-04 1.060044706469307485e+00
3.108082173869063645e-04 1.110000598342677280e+00
3.180552015332919840e-04 1.162308213301910698e+00
3.254711605531848163e-04 1.217078020965965512e+00
3.330600343624588820e-04 1.274425663016047761e+00
3.408258547423452110e-04 1.334472194013518465e+00
3.487727474814177595e-04 1.397344326138299175e+00
3.569049345675229896e-04 1.463174690966786207e+00
3.652267364308175480e-04 1.532102121894693525e+00
3.737425742391063937e-04 1.604271943013736657e+00
3.824569722466999088e-04 1.679836264733810758e+00
3.913745601980383993e-04 1.758954289376877922e+00
4.005000757873611187e-04 1.841792651649759360e+00
4.098383671757261184e-04 1.928525765700299432e+00
4.193943955667186118e-04 2.019336180087403676e+00
4.291732378422157359e-04 2.114414924182822286e+00
4.391800892596086085e-04 2.213961919149257440e+00
4.494202662119142376e-04 2.318186401108897066e+00
4.598992090522438275e-04 2.427307350440579548e+00
4.706224849841281286e-04 2.541553915919759987e+00
4.815957910192350576e-04 2.661165885198009562e+00
4.928249570040513054e-04 2.786394195485839997e+00
5.043159487171358559e-04 2.917501448225121585e+00
5.160748710385908026e-04 3.054762430770439963e+00
5.281079711934330654e-04 3.198464661688274813e+00
5.404216420705914865e-04 3.348908999498994010e+00
5.530224256192900478e-04 3.506410258933239543e+00
5.659170163246242521e-04 3.671297832201990463e+00
5.791122647641758691e-04 3.843916286856705611e+00
5.926151812475552710e-04 4.024626114114370878e+00
6.064329395408061141e-04 4.213804479193683505e+00
6.205728806776500623e-04 4.411845979804494888e+00
6.350425168595961881e-04 4.619163396988679615e+00
6.498495354469888087e-04 4.836188536333177801e+00
6.650018030431118507e-04 5.063373123226628358e+00
6.805073696735206446e-04 5.301189709718764576e+00
6.963744730628222430e-04 5.550132561123421127e+00
7.126115430111745839e-04 5.810718608154831877e+00
7.292272058728313045e-04 6.083488547359649168e+00
7.462302891391107279e-04 6.369007924848137492e+00
7.636298261282241416e-04 6.667868207987104334e+00
7.814350607844542133e-04 6.980687826620582292e+00
7.996554525892346716e-04 7.308113509230785176e+00
8.183006815867389754e-04 7.650821590682875595e+00
8.373806535266489033e-04 8.009519322919979700e+00
8.569055051268347108e-04 8.384946097725411107e+00
8.768856094587426870e-04 8.777874959381517073e+00
8.973315814583519715e-04 9.189114192751974386e+00
9.182542835656281937e-04 9.619508893524320925e+00
9.396648314954690433e-04 1.006994242533990658e+01
9.615746001432095213e-04 1.054133808068593936e+01
9.839952296278227113e-04 1.103466103307168744e+01
1.006938631476027041e-03 1.155092020614636716e+01
1.030416994950587558e-03 1.209117002419572096e+01
1.054442793526168438e-03 1.265651211889309202e+01
1.079028791516183647e-03 1.324809775053047467e+01
1.104188050854160164e-03 1.386713005432921797e+01
1.129933938033221693e-03 1.451486623269862442e+01
1.156280131207375458e-03 1.519261947451227002e+01
1.183240627458377906e-03 1.590176166209230146e+01
1.210829750232039325e-03 1.664372610067209024e+01
1.239062156947915577e-03 1.742001015288673216e+01
1.267952846786433866e-03 1.823217740477252491e+01
1.297517168657586796e-03 1.908186053926002401e+01
1.327770829355428986e-03 1.997076477583719267e+01
1.358729901902709127e-03 2.090067099880551282e+01
1.390410834090069709e-03 2.187343863290412571e+01
1.422830457214352027e-03 2.289100862198235120e+01
1.456005995020648574e-03 2.395540743316864152e+01
1.489955072852853580e-03 2.506875075535897679e+01
1.524695727017573053e-03 2.623324698739526539e+01
1.560246414366367983e-03 2.745120009754144874e+01
1.596626022101425152e-03 2.872501440678974660e+01
1.633853877809862123e-03 3.005719910589577992e+01
1.671949759731990040e-03 3.145037250223899861e+01
1.710933907269015109e-03 3.290726515580247025e+01
1.750827031735725098e-03 3.443072483958432173e+01
1.791650327363901278e-03 3.602372220900902278e+01
1.833425482562290763e-03 3.768935583409519552e+01
1.876174691439121437e-03 3.943085651074019182e+01
1.919920665593284788e-03 4.125159209660625237e+01
1.964686646180446600e-03 4.315507412260014064e+01
2.010496416260499231e-03 4.514496367012267797e+01
2.057374313432913573e-03 4.722507663634329589e+01
2.105345242766706263e-03 4.939938809240074846e+01
2.154434690031884272e-03 5.167204021970348293e+01
2.204668735239409625e-03 5.404734934733827600e+01
2.256074066496861676e-03 5.652981254108641451e+01
2.308677994187169520e-03 5.912411277066380677e+01
2.362508465477947562e-03 6.183512690310278970e+01
2.417594079169130793e-03 6.466793410562637234e+01
2.473964100886814031e-03 6.762782354560965814e+01
2.531648478631355528e-03 7.072030030146500224e+01
2.590677858688008716e-03 7.395109301043933669e+01
2.651083601908538895e-03 7.732616428729923541e+01
2.712897800372467225e-03 8.085171959358238780e+01
2.776153294436800850e-03 8.453421505424601889e+01
2.840883690183303948e-03 8.838036470300625069e+01
2.907123377272578368e-03 9.239715216033887657e+01
2.974907547214440586e-03 9.659184087527428630e+01
3.044272212064302961e-03 1.009719835115048880e+02
3.115254223555487950e-03 1.055454283732523635e+02
3.187891292677645996e-03 1.103203321919265818e+02
3.262222009711669788e-03 1.153051725434252006e+02
3.338285864731760887e-03 1.205087587918582273e+02
3.416123268585528460e-03 1.259402384628278213e+02
3.495775574363275268e-03 1.316091088911247482e+02
3.577285099367873231e-03 1.375252330445102302e+02
3.660695147596902416e-03 1.436988519335514525e+02
3.746050032748993088e-03 1.501405924619366488e+02
3.833395101766601514e-03 1.568614751301539343e+02
3.922776758927719494e-03 1.638729337878393437e+02
4.014242490499322046e-03 1.711868298114785887e+02
4.107840889965646940e-03 1.788154622895990258e+02
4.203621683844713762e-03 1.867715691608005955e+02
4.301635758106795056e-03 1.950683497529829822e+02
4.401935185208874328e-03 2.037194825701190837e+02
4.504573251759458330e-03 2.127391391419561728e+02
4.609604486828434121e-03 2.221419933467929013e+02
4.717084690917017036e-03 2.319432371151640950e+02
4.827070965603183494e-03 2.421585984041151960e+02
4.939621743878320863e-03 2.528043554482257207e+02
5.054796821191240297e-03 2.638973091395639585e+02
5.172657387216019441e-03 2.754547705650131206e+02
5.293266058360561639e-03 2.874946236532578041e+02
5.416686911033152113e-03 3.000353431273372848e+02
5.542985515684668851e-03 3.130960624875102667e+02
5.672228971644543115e-03 3.266967265579711466e+02
5.804485942768978189e-03 3.408579930401142519e+02
5.939826693920356553e-03 3.556012182958741619e+02
6.078323128297229670e-03 3.709484091858064971e+02
6.220048825634711363e-03 3.869217281978257574e+02
6.365079081295571019e-03 4.035436933874682950e+02
6.513490946272802555e-03 4.208374245701525638e+02
6.665363268124913435e-03 4.388266587230268101e+02
6.820776732865685421e-03 4.575360494342864399e+02
6.979813907830660115e-03 4.769912597253141939e+02
7.142559285543126184e-03 4.972186968752065468e+02
7.309099328602910832e-03 5.182455069541722423e+02
7.479522515621821015e-03 5.400995543177753007e+02
7.653919388230148030e-03 5.628093791993235300e+02
7.832382599179196422e-03 5.864042568979022008e+02
8.015006961565405291e-03 6.109142133560475258e+02
8.201889499202202546e-03 6.363699650380571029e+02
8.393129498166364971e-03 6.628025742682237933e+02
8.588828559546249353e-03 6.902436318395381250e+02
8.789090653419954699e-03 7.187253800810938174e+02
8.994022174092043687e-03 7.482806937272252981e+02
9.203731996618221695e-03 7.789429082931990251e+02
9.418331534647951184e-03 8.107458001586257978e+02
9.637934799615785822e-03 8.437236858390784846e+02
9.862658461312821118e-03 8.779114016652333703e+02
1.009262190987048405e-02 9.133441509767352500e+02
1.032794731918952429e-02 9.500573362084318205e+02
1.056875971184804974e-02 9.880867053939167590e+02
1.081518702552289150e-02 1.027468335997868280e+03
1.106736018095974550e-02 1.068238516829014316e+03
1.132541315152812630e-02 1.110433420404549906e+03
1.158948303439811742e-02 1.154089242669683699e+03
1.185971012337670542e-02 1.199242226683953504e+03
1.213623798344241715e-02 1.245928545888463077e+03
1.241921352701784616e-02 1.294183651989410009e+03
1.270878709202059517e-02 1.344042310366686706e+03
1.300511252173409786e-02 1.395538862633866756e+03
1.330834724654075991e-02 1.448707129650438674e+03
1.361865236756082745e-02 1.503579973046974374e+03
1.393619274224143501e-02 1.560188973625187828e+03
1.426113707194129852e-02 1.618564706178922506e+03
1.459365799155757683e-02 1.678736647022468333e+03
1.493393216124253367e-02 1.740732791868690128e+03
1.528214036025870790e-02 1.804578878073505621e+03
1.563846758302247716e-02 1.870298786548519502e+03
1.600310313738701612e-02 1.937914538087716892e+03
1.637624074521688844e-02 2.007446053619298254e+03
1.675807864530768840e-02 2.078910413948819496e+03
1.714881969870540868e-02 2.152321902708235939e+03
1.754867149648152089e-02 2.227692096385737841e+03
1.795784647002096959e-02 2.305029667748648990e+03
1.837656200388172387e-02 2.384340033563848465e+03
1.880504055128583499e-02 2.465625111607891540e+03
1.924350975230332272e-02 2.548883266475100299e+03
1.969220255479173579e-02 2.634109113422472092e+03
2.015135733815558508e-02 2.721293689560279290e+03
2.062121803999144437e-02 2.810424885874858319e+03
2.110203428568596662e-02 2.901486554381497626e+03
2.159406152103567761e-02 2.994458181370393049e+03
2.209756114795903212e-02 3.089315263693449197e+03
2.261280066337279654e-02 3.186032172064654333e+03
2.314005380130654266e-02 3.284580234182250933e+03
2.367960067833078594e-02 3.384926379313679263e+03
2.423172794237600514e-02 3.487033371367853306e+03
2.479672892502160150e-02 3.590866114961411768e+03
2.537490379733571555e-02 3.696391476533546211e+03
2.596655972934872394e-02 3.803573150629551037e+03
2.657201105324506762e-02 3.912371503125321397e+03
2.719157943036018890e-02 4.022751419510818323e+03
2.782559402207126012e-02 4.134690574316172388e+03
2.847439166467247845e-02 4.248167467850063986e+03
2.913831704832788722e-02 4.363159919843704301e+03
2.981772290019673449e-02 4.479651602860884850e+03
3.051297017182870788e-02 4.597656170735496744e+03
3.122442823092858033e-02 4.717199188122959640e+03
3.195247505759213347e-02 4.838310594007473810e+03
3.269749744511767781e-02 4.961027516127952367e+03
3.345989120549974771e-02 5.085423841467051716e+03
3.424006137971425529e-02 5.211603183324742531e+03
3.503842245290676033e-02 5.339680404332158105e+03
3.585539857459817126e-02 5.469782463941491187e+03
3.669142378402494298e-02 5.602086437229983858e+03
3.754694224073337055e-02 5.736841961051049111e+03
3.842240846055060971e-02 5.874325384753808976e+03
3.931828755705769896e-02 6.014836772041773656e+03
4.023505548869293208e-02 6.158685596751927733e+03
4.117319931161678853e-02 6.306152920003713916e+03
4.213321743847289053e-02 6.457529635519383191e+03
4.311561990318228677e-02 6.613128070268924603e+03
4.412092863191190151e-02 6.773303014546412669e+03
4.514967772036102001e-02 6.938605627195723173e+03
4.620241371751312998e-02 7.109719387423706394e+03
4.727969591600390820e-02 7.287385470805872501e+03
4.838209664925956915e-02 7.472374743037795270e+03
4.951020159556351191e-02 7.665070878498098864e+03
5.066461008921268466e-02 7.865545760441392304e+03
5.184593543892913187e-02 8.073852662661403883e+03
5.305480525369574152e-02 8.290029621861256601e+03
5.429186177618942899e-02 8.514088678646285189e+03
5.555776222398877556e-02 8.746018657150660147e+03
5.685317913873753209e-02 8.985784219465600472e+03
5.817880074344935343e-02 9.233224080354924808e+03
5.953533130814370189e-02 9.487994587294637313e+03
6.092349152400711870e-02 9.749683189962965116e+03
6.234401888627864180e-02 1.001768493985970781e+04
6.379766808606282535e-02 1.029098281778599267e+04
6.528521141127847927e-02 1.056838518515516807e+04
6.680743915695615265e-02 1.084841566661540855e+04
6.836516004510238831e-02 1.112906479024274267e+04
6.995920165435375038e-02 1.140807625312377786e+04
7.159041085964888695e-02 1.168322727120827039e+04
7.325965428215229502e-02 1.195245940668540788e+04
7.496781874966876313e-02 1.221368340159673608e+04
7.671581176779301847e-02 1.246537600723465039e+04
7.850456200204508628e-02 1.270634247022043746e+04
8.033501977124735127e-02 1.293586672781569359e+04
8.220815755240540312e-02 1.315419778307343222e+04
8.412497049736118726e-02 1.336191936078501385e+04
8.608647696149245021e-02 1.356041990032982540e+04
8.809371904473990711e-02 1.375150566871773117e+04
9.014776314524917955e-02 1.393766871241453737e+04
9.224970052592174063e-02 1.412194158788204913e+04
9.440064789417602908e-02 1.430826276391005558e+04
9.660174799522645850e-02 1.450139795222442444e+04
9.885417021919573610e-02 1.470650819497798875e+04
1.011591112223829692e-01 1.492943301584873734e+04
1.035177955630176283e-01 1.517627419047666808e+04
1.059314763518370006e-01 1.545169706020700141e+04
1.084014359178330916e-01 1.575957911521726601e+04
1.109289864895222771e-01 1.610135997775771102e+04
1.135154708920999012e-01 1.647560952818604710e+04
1.161622632608501904e-01 1.687872829132502011e+04
1.188707697711903349e-01 1.730385464660800790e+04
1.216424293857368000e-01 1.774246997497206394e+04
1.244787146187906202e-01 1.818404872788595458e+04
1.273811323186478384e-01 1.861744374391733436e+04
1.303512244681508947e-01 1.903135562191409190e+04
1.333905690039058622e-01 1.941588486466685572e+04
1.365007806546013891e-01 1.976306572544314622e+04
1.396835117988739772e-01 2.006851322849210555e+04
1.429404533431760937e-01 2.033107782792872604e+04
1.462733356201129931e-01 2.055425222437491902e+04
1.496839293077255606e-01 2.074616447270459321e+04
1.531740463702079835e-01 2.092040188599556132e+04
1.567455410205594868e-01 2.109661491067651878e+04
1.604003107056820032e-01 2.129745766162084692e+04
1.641402971144466372e-01 2.154549677628301288e+04
1.679674872092653259e-01 2.185611780345689112e+04
1.718839142817145671e-01 2.223507739669241346e+04
1.758916590327732621e-01 2.267729322138198768e+04
1.799928506782476345e-01 2.316964665401834645e+04
1.841896680799710861e-01 2.369275066438052818e+04
1.884843409033795381e-01 2.422092939427284728e+04
1.928791508020777645e-01 2.472340094657136069e+04
1.973764326300255501e-01 2.517005755330871762e+04
2.019785756819878486e-01 2.554190751298302712e+04
2.066880249629081956e-01 2.583765159542620677e+04
2.115072824868794721e-01 2.607318753988987010e+04
2.164389086064020251e-01 2.627679890141364012e+04
2.214855233726359396e-01 2.648434795749350815e+04
2.266498079273692734e-01 2.673395664187191869e+04
2.319345059274427467e-01 2.705661908829418826e+04
2.373424250023866144e-01 2.746572322735565103e+04
2.428764382460450455e-01 2.795255573275875577e+04
2.485394857429798487e-01 2.848759433342887860e+04
2.543345761304648400e-01 2.902498796267783837e+04
2.602647881969004651e-01 2.951531335297985788e+04
2.663332725174980542e-01 2.992694833347241729e+04
2.725432531281027915e-01 3.025895744273213859e+04
2.788980292380439652e-01 3.053523163642223881e+04
2.854009769829237708e-01 3.079514258559394875e+04
2.920555512182745339e-01 3.108813579340016076e+04
2.988652873550382560e-01 3.145548108832661092e+04
3.058338032378431492e-01 3.190436803676222553e+04
3.129648010670750269e-01 3.240561273314844948e+04
3.202620693657650119e-01 3.291347002197759139e+04
3.277294849923382269e-01 3.338215241442569823e+04
3.353710152002928879e-01 3.378210011843797110e+04
3.431907197459042602e-01 3.412165086234283081e+04
3.511927530450727475e-01 3.444416783432054945e+04
3.593813663804625858e-01 3.479588366652659897e+04
3.677609101601030939e-01 3.520288254476230213e+04
3.763358362286532977e-01 3.566408957680762978e+04
3.851107002325568907e-01 3.614582158605852601e+04
3.940901640403447481e-01 3.660232380521539744e+04
4.032789982193705214e-01 3.701279604713540175e+04
4.126820845702952045e-01 3.738987114315968938e+04
4.223044187206672073e-01 3.776576640734689863e+04
4.321511127789762208e-01 3.817372366026094096e+04
4.422273980505896929e-01 3.861901672683898505e+04
4.525386278170166476e-01 3.907739543446693278e+04
4.630902801799736679e-01 3.952280208257029881e+04
4.738879609717651098e-01 3.993923250087093038e+04
4.849374067335233129e-01 4.034424419455417228e+04
4.962444877628913176e-01 4.076066988643940567e+04
5.078152112327670720e-01 4.119844048662713612e+04
5.196557243827657491e-01 4.164821840142049768e+04
5.317723177850967042e-01 4.208937873985417536e+04
5.441714286865887429e-01 4.251838887851971958e+04
5.568596444286408875e-01 4.294349296809429507e+04
5.698437059469135813e-01 4.337964565488429071e+04
5.831305113526218387e-01 4.382401160363294184e+04
5.967271195973310460e-01 4.426946366792077606e+04
6.106407542232036301e-01 4.470760309552837134e+04
6.248788072006887795e-01 4.514539572089174180e+04
6.394488428556936999e-01 4.558703382022597361e+04
6.543586018883229549e-01 4.603396125189262966e+04
6.696160054853215193e-01 4.648191445130968350e+04
6.852291595284056847e-01 4.692983828368368268e+04
7.012063589007176967e-01 4.737785596001103113e+04
7.175560918936920718e-01 4.782609882541493425e+04
7.342870447166758296e-01 4.827470536647155677e+04
7.514081061116961724e-01 4.872382124072378792e+04
7.689283720758305352e-01 4.917359930986800464e+04
7.868571506936843374e-01 4.962419967710926721e+04
8.052039670825469342e-01 5.007578972918709042e+04
8.239785684528511123e-01 5.052853876861272147e+04
8.431909292866250905e-01 5.098250510614598170e+04
8.628512566366887127e-01 5.143763488960071845e+04
8.829699955494082486e-01 5.189386848661801196e+04
9.035578346138920525e-01 5.235114506291898579e+04
9.246257116405733889e-01 5.280940258335565886e+04
9.461848194721992344e-01 5.326857781353282189e+04
9.682466119303113627e-01 5.372860632201311091e+04
9.908228099003787426e-01 5.418942248311471485e+04
1.013925407558814218e+00 5.465095948032957676e+04
1.037566678745184934e+00 5.511316114573593950e+04
1.061759183482999136e+00 5.557601669431596383e+04
1.086515774652537347e+00 5.603952735763503733e+04
1.111849604819269866e+00 5.650369551325864450e+04
1.137774133221490125e+00 5.696852469730713347e+04
1.164303132920875505e+00 5.743401961680946260e+04
1.191450698119774776e+00 5.790018616186870349e+04
1.219231251649109504e+00 5.836703141764827888e+04
1.247659552630868474e+00 5.883456367618875811e+04
1.276750704319264518e+00 5.930279183214586374e+04
1.306520162124719997e+00 5.977171230319364258e+04
1.336983741824945282e+00 6.024130882646189275e+04
1.368157627967470535e+00 6.071156495417834958e+04
1.400058382468096108e+00 6.118246460952117195e+04
1.432702953409829449e+00 6.165399209438280377e+04
1.466108684046983024e+00 6.212613209703395114e+04
1.500293322019216724e+00 6.259886969968519406e+04
1.535275028780421103e+00 6.307219038594662561e+04
1.571072389247448742e+00 6.354608004818464542e+04
1.607704421673822104e+00 6.402052556781284511e+04
1.645190587753660783e+00 6.449551652761925652e+04
1.683550802961200743e+00 6.497104358198436239e+04
1.722805447131392276e+00 6.544709792275333166e+04
1.762975375287203939e+00 6.592367128634045366e+04
1.804081928719381001e+00 6.640075596072005283e+04
1.846146946324545679e+00 6.687834479230629222e+04
1.889192776207664348e+00 6.735643119272262265e+04
1.933242287555043237e+00 6.783500914546207059e+04
1.978318882784162236e+00 6.831407310968109232e+04
2.024446509976801867e+00 6.879361580049827171e+04
2.071649675602067031e+00 6.927362814399952185e+04
2.119953457536068786e+00 6.975410143267069361e+04
2.169383518385182175e+00 7.023502742741369002e+04
2.219966119119952452e+00 7.071639836327309604e+04
2.271728133026902796e+00 7.119820695507395430e+04
2.324697059985645353e+00 7.168044640296886791e+04
2.378901041078890888e+00 7.216311039789675851e+04
2.434368873543108158e+00 7.264619312695403642e+04
2.491130026067785774e+00 7.312968866122185136e+04
2.549214654451420703e+00 7.361358909691435110e+04
2.608653617622550769e+00 7.409788634565111715e+04
2.669478494034323468e+00 7.458257273833357613e+04
2.731721598441378962e+00 7.506764102990308311e+04
2.795415999067859314e+00 7.555308440402643464e+04
2.860595535175745052e+00 7.603889647770432930e+04
2.927294835042819177e+00 7.652507130580717057e+04
2.995549334359816296e+00 7.701160338553940528e+04
3.065395295056529967e+00 7.749848760956578190e+04
3.136869824566879572e+00 7.798571813797434152e+04
3.210010895543174758e+00 7.847328836787841283e+04
3.284857366030046855e+00 7.896119204365949554e+04
3.361449000108768459e+00 7.944942331146416836e+04
3.439826489022927980e+00 7.993797672315151431e+04
3.520031472796682603e+00 8.042684724017440749e+04
3.602106562357073827e+00 8.091603023740096251e+04
3.686095362172161494e+00 8.140552150687370158e+04
3.772042493417001374e+00 8.189531726150651230e+04
3.859993617679771116e+00 8.238541346249966591e+04
3.949995461220646931e+00 8.287580375111078320e+04
4.042095839796310486e+00 8.336648142959747929e+04
4.136343684063278126e+00 8.385744013810482284e+04
4.232789065573553167e+00 8.434867385793462745e+04
4.331483223376403124e+00 8.484017691476974869e+04
4.432478591240400334e+00 8.533194398183903832e+04
4.535828825510191287e+00 8.582397008304159681e+04
4.641588833612781961e+00 8.631625059601345856e+04
4.749814803228504800e+00 8.680878123962777318e+04
4.860564232142138508e+00 8.730155772725012503e+04
4.973895958790067517e+00 8.779457575607430772e+04
5.089870193519685060e+00 8.828783135545306141e+04
5.208548550577665637e+00 8.878132090579194482e+04
5.329994080844093318e+00 8.927504114131408278e+04
5.454271305329836395e+00 8.976898915278319328e+04
5.581446249454966591e+00 9.026316239018057240e+04
5.711586478126434940e+00 9.075755866534145025e+04
5.844761131633637419e+00 9.125217615454617771e+04
5.981040962380943959e+00 9.174701263088801352e+04
6.120498372476703253e+00 9.224206307142817241e+04
6.263207452198692238e+00 9.273732193630917754e+04
6.409244019356457045e+00 9.323278395853121765e+04
6.558685659571435345e+00 9.372844414624082856e+04
6.711611767496286518e+00 9.422429778498604719e+04
6.868103588995307263e+00 9.472034043993467640e+04
7.028244264308352918e+00 9.521656795806005539e+04
7.192118872221192838e+00 9.571297647029199288e+04
7.359814475265770817e+00 9.620956237579831213e+04
7.531420165974375358e+00 9.670632193414568610e+04
7.707027114212303687e+00 9.720325124778295867e+04
7.886728615614155835e+00 9.770034667342693137e+04
8.070620141149507987e+00 9.819760484346609155e+04
8.258799387844272033e+00 9.869502266790426802e+04
8.451366330684722428e+00 9.919259733626944944e+04
8.648423275731726534e+00 9.969032631949640927e+04
8.850074914473438525e+00 1.001882073717764870e+05
9.056428379445293331e+00 1.006862385323809722e+05
9.267593301146883178e+00 1.011844176705411664e+05
9.483681866285927242e+00 1.016827410444223642e+05
9.704808877380306953e+00 1.021812046675144957e+05
9.931091813749800323e+00 1.026798047897345823e+05
1.016265089392995158e+01 1.031785378990749305e+05
1.039960913954120336e+01 1.036774007232194999e+05
1.064209244064724658e+01 1.041763902311447164e+05
1.089022962263730498e+01 1.046755036346861307e+05
1.114415251466788170e+01 1.051747383900875575e+05
1.140399601970033139e+01 1.056740921690566320e+05
1.166989818617147456e+01 1.061735621456813096e+05
1.194200028133532498e+01 1.066731449571099802e+05
1.222044686631488730e+01 1.071728374262185098e+05
1.250538587290391312e+01 1.076726365979472757e+05
1.279696868215941663e+01 1.081725397406886477e+05
1.309535020482667633e+01 1.086725443476604996e+05
1.340068896363950657e+01 1.091726481382567872e+05
1.371314717753945622e+01 1.096728490593751631e+05
1.403289084785873087e+01 1.101731452867278131e+05
1.436008984651260612e+01 1.106735347544057004e+05
1.469491800624817301e+01 1.111740136435819149e+05
1.503755321299738412e+01 1.116745778067488136e+05
1.538817750038346333e+01 1.121752232768336689e+05
1.574697714643086677e+01 1.126759462683921156e+05
1.611414277253019733e+01 1.131767431787752284e+05
1.648986944471064930e+01 1.136776105892901396e+05
1.687435677727375705e+01 1.141785452663322794e+05
1.726780903884355922e+01 1.146795441625095409e+05
1.767043526088946592e+01 1.151806043863589439e+05
1.808244934877951593e+01 1.156817224521419266e+05
1.850407019542302223e+01 1.161828942306642275e+05
1.893552179756295217e+01 1.166841157165370241e+05
1.937703337477988796e+01 1.171853830670320021e+05
1.982883949127071332e+01 1.176866926030975446e+05
2.029118018046678174e+01 1.181880408103580121e+05
2.076430107255774615e+01 1.186894243401011190e+05
2.124845352498882889e+01 1.191908400102486485e+05
2.174389475600079891e+01 1.196922848063129059e+05
2.225088798128369305e+01 1.201937555064433254e+05
2.276970255381679920e+01 1.206952474583351432e+05
2.330061410696924540e+01 1.211967557250448153e+05
2.384390470093720538e+01 1.216982755011454719e+05
2.439986297259550341e+01 1.221998021136123425e+05
2.496878428884326695e+01 1.227013310226979520e+05
2.555097090352506939e+01 1.232028578227877588e+05
2.614673211801092023e+01 1.237043782432486332e+05
2.675638444552045314e+01 1.242058881492636428e+05
2.738025177927857712e+01 1.247073834837229806e+05
2.801866556459195223e+01 1.252088588277143135e+05
2.867196497493769769e+01 1.257103072904031433e+05
2.934049709215787161e+01 1.262117219938435301e+05
3.002461709085549302e+01 1.267130961484636791e+05
3.072468842709003667e+01 1.272144230538385309e+05
3.144108303147264749e+01 1.277156960994554829e+05
3.217418150676371624e+01 1.282169087654707109e+05
3.292437333007768530e+01 1.287180546234564390e+05
3.369205705980267140e+01 1.292191273371391871e+05
3.447764054734464167e+01 1.297201201799236733e+05
3.528154115380883127e+01 1.302210244376257760e+05
3.610418597173337218e+01 1.307218308948275371e+05
3.694601205199302285e+01 1.312225303832554491e+05
3.780746663599349233e+01 1.317231137825059413e+05
3.868900739327975202e+01 1.322235720207603881e+05
3.959110266468458406e+01 1.327238960754920554e+05
4.051423171114647204e+01 1.332240769741682743e+05
4.145888496832910874e+01 1.337241057949487003e+05
4.242556430717777260e+01 1.342239735587306204e+05
4.341478330055092272e+01 1.347236685183176305e+05
4.442706749606882966e+01 1.352231759220885288e+05
4.546295469532399380e+01 1.357224808369584498e+05
4.652299523960189020e+01 1.362215682939711260e+05
4.760775230226368393e+01 1.367204232890608837e+05
4.871780218794631168e+01 1.372190307838301815e+05
4.985373463873893485e+01 1.377173757063205703e+05
5.101615314749833630e+01 1.382154429517922399e+05
5.220567527846975509e+01 1.387132173835140129e+05
5.342293299538351903e+01 1.392106834453026531e+05
5.466857299720180663e+01 1.397078238583429484e+05
5.594325706169377810e+01 1.402046208267531765e+05
5.724766239702178439e+01 1.407010564898686716e+05
5.858248200152535645e+01 1.411971129231244267e+05
5.994842503189408944e+01 1.416927721389403450e+05
6.134621717992506262e+01 1.421880160876184818e+05
6.277660105806499757e+01 1.426828266582472133e+05
6.424033659394190465e+01 1.431771856796164357e+05
6.573820143409585626e+01 1.436710744647590327e+05
6.727099135712336420e+01 1.441644621784949559e+05
6.883952069645496863e+01 1.446573046987532871e+05
7.044462277299037112e+01 1.451495568495015614e+05
7.208715033782135606e+01 1.456411730426445138e+05
7.376797602527730646e+01 1.461321072802169656e+05
7.548799281653431592e+01 1.466223131567048258e+05
7.724811451403400042e+01 1.471117438614911807e+05
7.904927622696420997e+01 1.476003521814379492e+05
8.089243486805938232e+01 1.480880905035964970e+05
8.277856966198471866e+01 1.485749180930327857e+05
8.470868266557401682e+01 1.490608259096512338e+05
8.668379930019773383e+01 1.495458138258651015e+05
8.870496889654403105e+01 1.500298819489006128e+05
9.077326525210223451e+01 1.505130306206097011e+05
9.288978720164497815e+01 1.509952604174963781e+05
9.505565920101190613e+01 1.514765721507188864e+05
9.727203192450537017e+01 1.519569668660712196e+05
9.954008287621518036e+01 1.524364458439549780e+05
1.018610170155977386e+02 1.529150062164307164e+05
1.042360673976403262e+02 1.533925268452567689e+05
1.066664958279540940e+02 1.538687559393169649e+05
1.091535935331393290e+02 1.543434322834605409e+05
1.116986818467824918e+02 1.548162917252427724e+05
1.143031129114480962e+02 1.552870672032120929e+05
1.169682703970387081e+02 1.557554887797409610e+05
1.196955702359045262e+02 1.562212836784489045e+05
1.224864613750933273e+02 1.566841763263239118e+05
1.253424265461402030e+02 1.571438884005878645e+05
1.282649830528062580e+02 1.576002720243367366e+05
1.312556835771845556e+02 1.580537708892353403e+05
1.343161170046018071e+02 1.585049992106191348e+05
1.374479092677539427e+02 1.589545786718025629e+05
1.406527242105239281e+02 1.594031383401489875e+05
1.439322644719409539e+02 1.598513146139343153e+05
1.472882723907504783e+02 1.602997511943821155e+05
1.507225309310758519e+02 1.607490990833957039e+05
1.542368646296630459e+02 1.612000166075036104e+05
1.578331405652119770e+02 1.616531556114241539e+05
1.615132693503092867e+02 1.621087929013937246e+05
1.652792061464897131e+02 1.625667863500386011e+05
1.691329517029650447e+02 1.630269704217254184e+05
1.730765534195727753e+02 1.634891776411468163e+05
1.771121064345090588e+02 1.639532385706771456e+05
1.812417547374239462e+02 1.644189817894487351e+05
1.854676923084701343e+02 1.648862338742215943e+05
1.897921642839103242e+02 1.653548193820455053e+05
1.942174681489028387e+02 1.658245608347881353e+05
1.987459549580985936e+02 1.662953128233555472e+05
2.033800305846984031e+02 1.667670820464292192e+05
2.081221569986341535e+02 1.672399185728189477e+05
2.129748535745523270e+02 1.677138730260755692e+05
2.179406984302958108e+02 1.681889965854448674e+05
2.230223297965940787e+02 1.686653409892109048e+05
2.282224474186900807e+02 1.691429585381981742e+05
2.335438139906481751e+02 1.696219020994367311e+05
2.389892566231052626e+02 1.701022251099881832e+05
2.445616683452448967e+02 1.705839805591064214e+05
2.502640096417921711e+02 1.710671932041021646e+05
2.560993100258461936e+02 1.715518559122831502e+05
2.620706696483854898e+02 1.720379597473535687e+05
2.681812609453018581e+02 1.725254956349430722e+05
2.744343303228368427e+02 1.730144543615279836e+05
2.808331998823175581e+02 1.735048265733535518e+05
2.873812691851069303e+02 1.739966027753564995e+05
2.940820170587066968e+02 1.744897733301011904e+05
3.009390034449723998e+02 1.749843284567095398e+05
3.079558712914229659e+02 1.754802607811837224e+05
3.151363484866482736e+02 1.759775744578979502e+05
3.224842498408445408e+02 1.764762769762933312e+05
3.300034791125288507e+02 1.769763758782510995e+05
3.376980310825094875e+02 1.774778787581784418e+05
3.455719936762142765e+02 1.779807932633376040e+05
3.536295501355046440e+02 1.784851270941688563e+05
3.618749812411284097e+02 1.789908880046154081e+05
3.703126675869930864e+02 1.794980838024598779e+05
3.789470919074671542e+02 1.800067222743261664e+05
3.877828414589461090e+02 1.805168090915407229e+05
3.968246104569485624e+02 1.810283475081551878e+05
4.060772025700369454e+02 1.815413406493679213e+05
4.155455334718879499e+02 1.820557916406840377e+05
4.252346334528686498e+02 1.825717036078661622e+05
4.351496500925054534e+02 1.830890796768908913e+05
4.452958509942660044e+02 1.836079229738899157e+05
4.556786265841068371e+02 1.841282366251157946e+05
4.663034929742736381e+02 1.846500237568757439e+05
4.771760948938750744e+02 1.851732876862815174e+05
4.883022086877884931e+02 1.856980326143450511e+05
4.996877453854888813e+02 1.862242630087403231e+05
5.113387538414331175e+02 1.867519833521750406e+05
5.232614239486666747e+02 1.872811981424171245e+05
5.354620899273612622e+02 1.878119118923539063e+05
5.479472336900292930e+02 1.883441291300515004e+05
5.607234882852038709e+02 1.888778543988049205e+05
5.737976414214139140e+02 1.894130922571981209e+05
5.871766390733261005e+02 1.899498472736118129e+05
6.008675891719692572e+02 1.904881238684199925e+05
6.148777653810029733e+02 1.910279262892644037e+05
6.292146109610350777e+02 1.915692587851381104e+05
6.438857427240426432e+02 1.921121256164251245e+05
6.588989550799956305e+02 1.926565310549303831e+05
6.742622241778349235e+02 1.932024793839124904e+05
6.899837121430025491e+02 1.937499748981055163e+05
7.060717714137780376e+02 1.942990219037527568e+05
7.225349491787221723e+02 1.948496247186353139e+05
7.393819919175873565e+02 1.954017876863616984e+05
7.566218500481062392e+02 1.959555152290666301e+05
7.742636826811277615e+02 1.965108118009431637e+05
7.923168624866261780e+02 1.970676818689845677e+05
8.107909806731694289e+02 1.976261299130261177e+05
8.296958520834915589e+02 1.981861604257723375e+05
8.490415204088754990e+02 1.987477779128433613e+05
8.688382635251192596e+02 1.993109868928093929e+05
8.890965989529166791e+02 1.998757918972266198e+05
9.098272894455567439e+02 2.004421974702672160e+05
9.310413487069084795e+02 2.010102081568647118e+05
9.527500472427300338e+02 2.015798285007230588e+05
9.749649183484095829e+02 2.021510630575989198e+05
9.976977642363211771e+02 2.027239163961070299e+05
1.020960662306047539e+03 2.032983930977628042e+05
1.044765971560805156e+03 2.038744977570133051e+05
1.069126339173477163e+03 2.044522349812740285e+05
1.094054707205743625e+03 2.050316093909664487e+05
1.119564319483879444e+03 2.056126256195592287e+05
1.145668728634872650e+03 2.061952883146622044e+05
1.172381803286599734e+03 2.067796021420720208e+05
1.199717735435885515e+03 2.073655717822999286e+05
1.227691047988360424e+03 2.079532019291393226e+05
1.256316602474121510e+03 2.085424972896961845e+05
1.285609606943296512e+03 2.091334625844288676e+05
1.315585624045705117e+03 2.097261025471872126e+05
1.346260579298911125e+03 2.103204219252474140e+05
1.377650769549054985e+03 2.109164254793532309e+05
1.409772871628967778e+03 2.115141179837246600e+05
1.442643951218158918e+03 2.121135042251980631e+05
1.476281471909391030e+03 2.127145890030991286e+05
1.510703304486655497e+03 2.133173771302911628e+05
1.545927736419478606e+03 2.139218734332706372e+05
1.581973481578601422e+03 2.145280827522120962e+05
1.618859690178199116e+03 2.151360099409954564e+05
1.656605958949915248e+03 2.157456598672579566e+05
1.695232341554121376e+03 2.163570374124244554e+05
1.734759359233932628e+03 2.169701474717491074e+05
1.775208011717636055e+03 2.175849949544314877e+05
1.816599788375328671e+03 2.182015847839671769e+05
1.858956679635688261e+03 2.188199218979167927e+05
1.902301188668945770e+03 2.194400112478308147e+05
1.946656343342263199e+03 2.200618577992955106e+05
1.992045708453871384e+03 2.206854665319711494e+05
2.038493398252464203e+03 2.213108424396264018e+05
2.086024089248504879e+03 2.219379905301846738e+05
2.134663033324245589e+03 2.225669158257619129e+05
2.184436071149428244e+03 2.231976233627016773e+05
2.235369645909796418e+03 2.238301181915548514e+05
2.287490817355704166e+03 2.244644053771017934e+05
2.340827276178294142e+03 2.251004899984671210e+05
2.395407358720879529e+03 2.257383771491720399e+05
2.451260062033339636e+03 2.263780719371696468e+05
2.508415059277541332e+03 2.270195794848869846e+05
2.566902715491951767e+03 2.276629049292701529e+05
2.626754103723838398e+03 2.283080534218182438e+05
2.688001021537607357e+03 2.289550301286312169e+05
2.750676007908067277e+03 2.296038402304495394e+05
2.814812360507581161e+03 2.302544889227295644e+05
2.880444153396297679e+03 2.309069814156545617e+05
2.947606255124858762e+03 2.315613229341766564e+05
3.016334347259197330e+03 2.322175187180502107e+05
3.086664943337274508e+03 2.328755740218796709e+05
3.158635408267819003e+03 2.335354941151634848e+05
3.232283978181380917e+03 2.341972842823250685e+05
3.307649780744242435e+03 2.348609498227698787e+05
3.384772855945982883e+03 2.355264960509205703e+05
3.463694177371734440e+03 2.361939282962482248e+05
3.544455673970435782e+03 2.368632519033263379e+05
3.627100252330648345e+03 2.375344722318713611e+05
3.711671819475766824e+03 2.382075946567858628e+05
3.798215306190736101e+03 2.388826245682080335e+05
3.886776690892667830e+03 2.395595673715489102e+05
3.977403024058036863e+03 2.402384284875363810e+05
4.070142453219438721e+03 2.409192133522576187e+05
4.165044248545184928e+03 2.416019274172103324e+05
4.262158829015324955e+03 2.422865761493353348e+05
4.361537789208005961e+03 2.429731650310689583e+05
4.463233926710397100e+03 2.436616995603897958e+05
4.567301270168746669e+03 2.443521852508462907e+05
4.673795107992463272e+03 2.450446276316212025e+05
4.782772017727485036e+03 2.457390322475600406e+05
4.894289896114531984e+03 2.464354046592219383e+05
5.008407989848212310e+03 2.471337504429251712e+05
5.125186927053332511e+03 2.478340751907903468e+05
5.244688749495118827e+03 2.485363845107787638e+05
5.366976945540475754e+03 2.492406840267554799e+05
5.492116483887789400e+03 2.499469793785081711e+05
5.620173848083188204e+03 2.506552762218160206e+05
5.751217071841613688e+03 2.513655802284837991e+05
5.885315775191450484e+03 2.520778970863822615e+05
6.022541201461927812e+03 2.527922324995111267e+05
6.162966255132942024e+03 2.535085921880261740e+05
6.306665540567405515e+03 2.542269818882944819e+05
6.453715401646702048e+03 2.549474073529404704e+05
6.604193962330305112e+03 2.556698743508888583e+05
6.758181168161110691e+03 2.563943886674156238e+05
6.915758828738525153e+03 2.571209561041857232e+05
7.077010661181889191e+03 2.578495824793062930e+05
7.242022334607315315e+03 2.585802736273750488e+05
7.410881515641569422e+03 2.593130353995221376e+05
7.583677914997190783e+03 2.600478736634562665e+05
7.760503335133571454e+03 2.607847943035167118e+05
7.941451719029339984e+03 2.615238032207165379e+05
8.126619200091945459e+03 2.622649063327923068e+05
8.316104153230960947e+03 2.630081095742491307e+05
8.510007247122246554e+03 2.637534188964045024e+05
8.708431497690724427e+03 2.645008402674537501e+05
8.911482322840201959e+03 2.652503796724900021e+05
9.119267598459298824e+03 2.660020431135724066e+05
9.331897715733239238e+03 2.667558366097770049e+05
9.549485639791966605e+03 2.675117661972228670e+05
9.772146969725725285e+03 2.682698379291421734e+05
1.000000000000000000e+04 2.690300578759190394e+05
