# k [h/Mpc]  M(k)
1.049085489553238241e-05 1.647039089597603524e-03
1.158386038817028332e-05 2.008115903379538696e-03
1.279074230163689532e-05 2.448350805317549804e-03
1.412336502207493417e-05 2.985097451701312563e-03
1.559482904453813535e-05 3.639506961503043668e-03
1.721959975885695724e-05 4.437388193160804635e-03
1.901364965325326705e-05 5.410187199826495090e-03
2.099461533365255773e-05 6.596238245280931778e-03
2.318197090228923363e-05 8.042317274974409777e-03
2.559721940002267801e-05 9.805398377263362802e-03
2.826410419435881831e-05 1.195499183251827122e-02
3.120884239125066439e-05 1.457583100825209088e-02
3.446038256525823894e-05 1.777122498764342751e-02
3.805068934171271634e-05 2.166708951353545770e-02
4.201505762850139385e-05 2.641701786534018243e-02
4.639245958656359521e-05 3.220824063433874729e-02
5.122592775002946099e-05 3.926895879851380333e-02
5.656297806230652407e-05 4.787744234154234918e-02
6.245607698681706753e-05 5.837306501883830073e-02
6.896315728437008171e-05 7.116938695815251681e-02
7.614818752757437795e-05 8.677053906024040364e-02
8.408180095096696484e-05 1.057914422190613934e-01
9.284198981883801875e-05 1.289816569229692289e-01
1.025148721368116504e-04 1.572544270162280766e-01
1.131955382444254325e-04 1.917238549484159282e-01
1.249889856112314679e-04 2.337474812198303831e-01
1.380111510260341847e-04 2.849800205557328492e-01
1.523900503263164610e-04 3.474390059041702616e-01
1.682670368720899558e-04 4.235822607341309665e-01
1.857981911357353981e-04 5.164068376042270092e-01
2.051558550683504586e-04 6.295623516060284697e-01
2.265303263263625125e-04 7.674994248325008872e-01
2.501317290136889963e-04 9.356353026118980898e-01
2.761920793299824984e-04 1.140576377125165575e+00
3.049675664315447984e-04 1.390362555850421344e+00
3.367410709271645257e-04 1.694784012451160615e+00
3.718249457672312235e-04 2.065760386342351040e+00
4.105640868639634858e-04 2.517806426415870380e+00
4.533393236288221230e-04 3.068562050656696627e+00
5.005711627581638278e-04 3.739506976385800208e+00
5.527239220708306863e-04 4.556737647403866553e+00
6.103102950358267999e-04 5.551962014741667950e+00
6.738963908621728146e-04 6.763711960718396199e+00
7.441072996981042608e-04 8.238755156998967877e+00
8.216332376489134592e-04 1.003379430460651811e+01
9.072363320227153777e-04 1.221760149937615658e+01
1.001758113507251937e-03 1.487346944832633078e+01
1.106127788930394689e-03 1.810214760263284361e+01
1.221371375930650066e-03 2.202539294271933557e+01
1.348621789337035989e-03 2.679017685100045298e+01
1.489129978413626654e-03 3.257367776731758369e+01
1.644277224454650807e-03 3.958911322625180418e+01
1.815588719623047057e-03 4.809262612208804910e+01
2.004748560520712083e-03 5.839134037963371071e+01
2.213616303886430624e-03 7.085273803333045350e+01
2.444245247174079219e-03 8.591584214157774113e+01
2.698902613720350133e-03 1.041030598456467686e+02
2.980091840934558783e-03 1.260356499444704355e+02
3.290577190616973419e-03 1.524488142493534610e+02
3.633410923340224703e-03 1.842117493838960627e+02
4.011963304034443789e-03 2.223460052181955859e+02
4.429955733749471082e-03 2.680486817497630341e+02
4.891497333299465143e-03 3.227167357706795201e+02
5.401125338429610401e-03 3.879699572408570134e+02
5.963849703613930374e-03 4.656768938687039849e+02
6.585202352966927457e-03 5.579838438786705410e+02
7.271291562435460223e-03 6.672948651892344287e+02
8.028862007881052906e-03 7.963295199178288613e+02
8.865361069362013083e-03 9.481321131725394480e+02
9.789012043426803533e-03 1.126001706804435798e+03
1.080889498314037758e-02 1.333465012477123082e+03
1.193503596055011870e-02 1.574196994957295374e+03
1.317850562909615372e-02 1.851899170665042902e+03
1.455152805489442168e-02 2.170076234364103584e+03
1.606760088677082129e-02 2.531793412197614089e+03
1.774162804639085531e-02 2.939359311732780952e+03
1.959006624291017087e-02 3.393950640413037036e+03
2.163108675247414625e-02 3.895306225079722481e+03
2.388475405295788570e-02 4.441569314600984399e+03
2.637322307003541269e-02 5.029542830376218262e+03
2.912095697362690819e-02 5.655661765415200534e+03
3.215496766579662574e-02 6.318115730893107866e+03
3.550508132424375768e-02 7.020154384958463197e+03
3.920423161184134753e-02 7.774570924519547589e+03
4.328878343465220047e-02 8.607761542659813131e+03
4.761766202831985845e-02 9.518105501203299355e+03
5.194654062198750949e-02 1.048690538533515246e+04
5.627541921565515359e-02 1.150614777193172085e+04
6.060429780932280464e-02 1.255668270941922492e+04
6.493317640299045568e-02 1.361050431082018622e+04
6.926205499665810672e-02 1.462606586381848319e+04
7.359093359032575776e-02 1.555430329514605364e+04
7.791981218399340881e-02 1.636299134683767807e+04
8.224869077766105985e-02 1.704722469663014999e+04
8.657756937132871089e-02 1.762782106532504258e+04
9.090644796499636193e-02 1.813988024072475309e+04
9.629189642266582083e-02 1.874606702217461498e+04
1.016773448803352936e-01 1.940334939602850136e+04
1.070627933380047525e-01 2.019026744278425394e+04
1.124482417956742253e-01 2.113532067477776582e+04
1.178336902533436842e-01 2.220053394545950141e+04
1.232191387110131431e-01 2.330140036263431466e+04
1.286045871686826159e-01 2.434088805522802431e+04
1.339900356263520886e-01 2.523944482479143335e+04
1.393754840840215337e-01 2.595600295214689322e+04
1.447609325416910064e-01 2.649390758805865698e+04
1.501463809993604792e-01 2.689577726111368611e+04
1.555318294570299242e-01 2.723792423339181551e+04
1.609172779146993970e-01 2.761701277863531868e+04
1.663027263723688698e-01 2.811560358591554905e+04
1.716881748300383148e-01 2.876605881931673139e+04
1.770736232877078153e-01 2.954614951502173062e+04
1.824590717453772881e-01 3.040281834338170302e+04
1.878445202030467609e-01 3.126822441845386493e+04
1.932299686607162059e-01 3.206720132911116525e+04
1.986154171183856787e-01 3.273665593989292756e+04
2.040008655760551237e-01 3.325227552191803261e+04
2.093863140337245965e-01 3.363531981765109231e+04
2.147717624913940693e-01 3.393626128971876460e+04
2.201572109490635420e-01 3.421681585318352154e+04
2.255426594067329871e-01 3.453763709232877591e+04
2.309281078644024598e-01 3.494444766768338013e+04
2.363135563220719049e-01 3.545461460415424517e+04
2.416990047797413776e-01 3.605522675591806910e+04
2.470844532374108504e-01 3.670987366283416486e+04
2.524699016950803232e-01 3.736758506395892618e+04
2.578553501527497960e-01 3.797544651412527310e+04
2.632407986104192688e-01 3.849655644105721876e+04
2.686262470680886860e-01 3.892208768025158497e+04
2.740116955257581588e-01 3.926766999959167879e+04
2.793971439834276316e-01 3.956167972776845272e+04
2.847825924410971044e-01 3.983857387388504139e+04
2.901680408987665771e-01 4.013538757136990171e+04
2.955534893564360499e-01 4.048239128790319955e+04
3.009389378141055227e-01 4.089157256358140148e+04
3.063243862717749955e-01 4.135342015276879101e+04
3.117098347294444127e-01 4.184448851831504726e+04
3.170952831871138855e-01 4.233771019324091321e+04
3.224807316447834138e-01 4.280787255869858927e+04
3.278661801024528311e-01 4.323486554737207916e+04
3.332516285601223038e-01 4.360844240929278021e+04
3.386370770177917766e-01 4.393218389065032534e+04
3.440225254754611939e-01 4.422265759577455174e+04
3.494079739331307222e-01 4.450193637487143860e+04
3.547934223908001949e-01 4.478958788508402358e+04
3.601788708484696122e-01 4.509826589570625947e+04
3.655643193061390850e-01 4.543402610891548829e+04
3.709497677638085578e-01 4.579620523161435267e+04
3.763352162214780305e-01 4.617716345204357640e+04
3.817206646791475033e-01 4.656313327920918528e+04
3.871061131368169761e-01 4.693874262701939733e+04
3.924915615944864489e-01 4.729248220914614649e+04
3.978770100521559216e-01 4.761963820178421884e+04
4.032624585098253944e-01 4.792184555177006405e+04
4.086479069674948672e-01 4.820518436630043288e+04
4.140333554251642845e-01 4.847779458494147548e+04
4.194188038828337572e-01 4.874869920166539669e+04
4.248042523405032300e-01 4.902622350030895905e+04
4.301897007981726473e-01 4.931590495939677203e+04
4.355751492558421201e-01 4.961814767861592554e+04
4.409605977135115928e-01 4.992849844035238493e+04
4.463460461711810656e-01 5.024089441706867365e+04
4.517314946288505384e-01 5.055011901740579924e+04
4.571169430865200112e-01 5.085173649712606129e+04
4.625023915441894840e-01 5.114153923000700161e+04
4.678878400018589567e-01 5.141742907264859241e+04
4.732732884595284295e-01 5.168125863945153105e+04
4.786587369171979023e-01 5.193799272592448688e+04
4.840441853748674306e-01 5.219244363858408178e+04
4.894296338325367368e-01 5.244751013796616462e+04
4.948150822902062096e-01 5.270493229837350373e+04
5.002005307478756269e-01 5.296591945336596109e+04
5.055859792055451551e-01 5.323062982492312585e+04
5.109714276632146834e-01 5.349743035463584238e+04
5.163568761208841007e-01 5.376295459155342542e+04
5.217423245785536290e-01 5.402417347223871911e+04
5.271277730362230463e-01 5.427939056498130230e+04
5.325132214938925745e-01 5.452853721369153209e+04
5.378986699515619918e-01 5.477216692121765664e+04
5.432841184092315201e-01 5.501073465243057581e+04
5.486695668669009374e-01 5.524548981131004257e+04
5.540550153245704657e-01 5.547843957059564855e+04
5.594404637822397719e-01 5.571172618701846659e+04
5.648259122399093002e-01 5.594597506329613680e+04
5.702113606975787174e-01 5.618058404593343585e+04
5.755968091552482457e-01 5.641455863920627598e+04
5.809822576129176630e-01 5.664753075942325086e+04
5.863677060705871913e-01 5.687906706652788125e+04
5.917531545282566086e-01 5.710828679252041911e+04
5.971386029859261368e-01 5.733385331263556873e+04
6.025240514435955541e-01 5.755544821125965973e+04
6.079094999012650824e-01 5.777384706086462393e+04
6.132949483589344997e-01 5.799027655723100906e+04
6.186803968166040280e-01 5.820514569898835907e+04
6.240658452742735562e-01 5.841842020414338913e+04
6.294512937319428625e-01 5.863034126989618380e+04
6.556784309707738290e-01 5.965173917101904954e+04
8.129903675653327166e-01 6.507809734306296014e+04
1.012048543658827349e+00 7.070864468546771968e+04
1.259845498279712706e+00 7.642858541560560116e+04
1.568314770551879622e+00 8.222617425861778611e+04
1.952311789731147273e+00 8.808967216657067183e+04
2.430329290963691768e+00 9.400964931321403128e+04
3.025387898379420903e+00 9.997760910609141865e+04
3.766144764700279257e+00 1.059865992013849027e+05
4.688273657826502294e+00 1.120303049567833659e+05
5.836182957353503120e+00 1.181033032144797180e+05
7.265154297220415280e+00 1.242012013232038007e+05
9.044004848394127549e+00 1.303199341530655220e+05
1.125840145323137342e+01 1.364558554121059424e+05
1.401498621538538814e+01 1.426053539007600339e+05
1.744651222763656406e+01 1.487655200901899661e+05
2.171823676679244386e+01 1.549324834492819209e+05
2.703587984257828936e+01 1.611022359908046201e+05
3.365553137259968963e+01 1.672694431518455094e+05
4.189598409844175819e+01 1.734267087321647850e+05
5.215408617811697667e+01 1.795634351537418843e+05
6.492385281327290159e+01 1.856633179926978773e+05
8.082025729918953516e+01 1.917016197908278555e+05
1.006088472397595552e+02 1.976405864422943851e+05
1.252426122010721059e+02 2.034228873601411469e+05
1.559078782959092280e+02 2.089636815048401477e+05
