9.999999999999999547e-07 3.085858867374247083e+00
1.023316578330244814e-06 3.155227760090278721e+00
1.047176819485520330e-06 3.226156038210332255e+00
1.071593399822671139e-06 3.298678756104498788e+00
1.096579291267809966e-06 3.372831756151312810e+00
1.122147768207980129e-06 3.448651686451876142e+00
1.148312414543511196e-06 3.526176018942171364e+00
1.175087130904807464e-06 3.605443067912553534e+00
1.202486142037412225e-06 3.686492008943548448e+00
1.230524004359261563e-06 3.769362898267308637e+00
1.259215613694150849e-06 3.854096692564320747e+00
1.288576213185518045e-06 3.940735269205124958e+00
1.318621401394748467e-06 4.029321446947069951e+00
1.349367140588306489e-06 4.119899007096318400e+00
1.380829765218092407e-06 4.212512715145557252e+00
1.413025990599533632e-06 4.307208342898132258e+00
1.445972921792019565e-06 4.404032691089512674e+00
1.479688062686396214e-06 4.503033612517276296e+00
1.514189325304352035e-06 4.604260035691059905e+00
1.549495039314631713e-06 4.707761989014136006e+00
1.585623961771137209e-06 4.813590625508590293e+00
1.622595287078087214e-06 4.921798248096311390e+00
1.660428657187529599e-06 5.032438335448285116e+00
1.699144172034625966e-06 5.145565568414971480e+00
1.738762400216250434e-06 5.261235857050823306e+00
1.779304389918577364e-06 5.379506368246320669e+00
1.820791680099462520e-06 5.500435553981123604e+00
1.863246311931559818e-06 5.624083180212400279e+00
1.906690840512251975e-06 5.750510356412510404e+00
1.951148346846616293e-06 5.879779565770696159e+00
1.996642450109793374e-06 6.011954696073700255e+00
2.043197320195270527e-06 6.147101071280560269e+00
2.090837690555749843e-06 6.285285483807212970e+00
2.139588871343421664e-06 6.426576227536804353e+00
2.189476762856620668e-06 6.571043131572094076e+00
2.240527869300017970e-06 6.718757594746590733e+00
2.292769312865648563e-06 6.869792620911471914e+00
2.346228848142262270e-06 7.024222855015759492e+00
2.400934876860651595e-06 7.182124619997548365e+00
2.456916462982790237e-06 7.343575954504530934e+00
2.514203348142796490e-06 7.508656651462497500e+00
2.572825967447932223e-06 7.677448297510792941e+00
2.632815465648020122e-06 7.850034313324306012e+00
2.694203713681882057e-06 8.026499994841858054e+00
2.757023325609582764e-06 8.206932555421408537e+00
2.821307675939470909e-06 8.391421168942855502e+00
2.887090917359234552e-06 8.580057013879828887e+00
2.954407998880379827e-06 8.772933318362177602e+00
3.023294684405776334e-06 8.970145406251386788e+00
3.093787571730136731e-06 9.171790744251861582e+00
3.165924111983520818e-06 9.377968990081152256e+00
3.239742629528195378e-06 9.588782041723067806e+00
3.315282342319423268e-06 9.804334087787951901e+00
3.392583382740992040e-06 1.002473165900505592e+01
3.471686818926559579e-06 1.025008368087249444e+01
3.552634676578139464e-06 1.048050152749071096e+01
3.635469961293317715e-06 1.071609907660617900e+01
3.720236681413065725e-06 1.095699276589248505e+01
3.806979871402283974e-06 1.120330165049630899e+01
3.895745615775500812e-06 1.145514746187719446e+01
3.986581073580438997e-06 1.171265466796978316e+01
4.079534503452448557e-06 1.197595053469804860e+01
4.174655289253134888e-06 1.224516518887358174e+01
4.271993966306776970e-06 1.252043168250742156e+01
4.371602248248501995e-06 1.280188605856765882e+01
4.473533054498463085e-06 1.308966741821778434e+01
4.577840538376616169e-06 1.338391798956264189e+01
4.684580115873045307e-06 1.368478319793918985e+01
4.793808495089106764e-06 1.399241173778881553e+01
4.905583706365045857e-06 1.430695564613679593e+01
5.019965133110079395e-06 1.462857037772913316e+01
5.137013543351338897e-06 1.495741488187146295e+01
5.256791122018419569e-06 1.529365168098608052e+01
5.379361503980697620e-06 1.563744695095351922e+01
5.504789807854967299e-06 1.598897060328035913e+01
5.633142670601352205e-06 1.634839636903157967e+01
5.764488282925873171e-06 1.671590188468289995e+01
5.898896425508492959e-06 1.709166877988241851e+01
6.036438506075863713e-06 1.747588276701742416e+01
6.177187597338488473e-06 1.786873373310238833e+01
6.321218475812448520e-06 1.827041583371723732e+01
6.468607661546320942e-06 1.868112758899350467e+01
6.619433458774387721e-06 1.910107198240464044e+01
6.773775997517744987e-06 1.953045656115162032e+01
6.931717276155400522e-06 1.996949353812239636e+01
7.093341204987989700e-06 2.041839989674112488e+01
7.258733650817245705e-06 2.087739749651116483e+01
7.427982482564910469e-06 2.134671318038674315e+01
7.601177617955322483e-06 2.182657888985493244e+01
7.778411071286482598e-06 2.231723178002209451e+01
7.959777002314978321e-06 2.281891433980668182e+01
8.145371766280736623e-06 2.333187452540391149e+01
8.335293965098186867e-06 2.385636587345890192e+01
8.529644499741016815e-06 2.439264762137777254e+01
8.728526623848370479e-06 2.494098483188031068e+01
8.932045998580959975e-06 2.550164847246807298e+01
9.140310748756222539e-06 2.607491555671208161e+01
9.353431520292377225e-06 2.666106931883018660e+01
9.571521538991855843e-06 2.726039935619746757e+01
9.794696670695385670e-06 2.787320191566860927e+01
1.002307548283864352e-05 2.849978015648427032e+01
1.025677930744420885e-05 2.914044409778466971e+01
1.049593230558226690e-05 2.979551075104703273e+01
1.074066153333432268e-05 3.046530399381460441e+01
1.099109700929496075e-05 3.115015383862771259e+01
1.124737178364750747e-05 3.185039735387692161e+01
1.150962200885031106e-05 3.256637909098397188e+01
1.177798701197118017e-05 3.329845144217231478e+01
1.205260936870841401e-05 3.404697665680323126e+01
1.233363497913774693e-05 3.481232638259824341e+01
1.262121314522546164e-05 3.559488076412969804e+01
1.291549665014882683e-05 3.639502859012966951e+01
1.321664183946603801e-05 3.721316615877955059e+01
1.352480870417873994e-05 3.804969692268100800e+01
1.384016096573130180e-05 3.890503321334013265e+01
1.416286616299197323e-05 3.977959655189221877e+01
1.449309574126215066e-05 4.067381821119843011e+01
1.483102514336102853e-05 4.158814018229958265e+01
1.517683390283403825e-05 4.252301460382657439e+01
1.553070573933458561e-05 4.347890380005986799e+01
1.589282865622976477e-05 4.445628047305242347e+01
1.626339504048190734e-05 4.545562768737882209e+01
1.664260176485901990e-05 4.647743923963819412e+01
1.703065029252842484e-05 4.752222002055044925e+01
1.742774678408917511e-05 4.859048626463976461e+01
1.783410220710006182e-05 4.968276580409134624e+01
1.824993244816150412e-05 5.079959832911648476e+01
1.867545842761074234e-05 5.194153565508142378e+01
1.911090621689135813e-05 5.310914199446160211e+01
1.955650715865946999e-05 5.430299415695873932e+01
2.001249798969034841e-05 5.552368172646776401e+01
2.047912096665083489e-05 5.677180749001793458e+01
2.095662399480430758e-05 5.804798775655144993e+01
2.144526075971665420e-05 5.935285280741950231e+01
2.194529086203311546e-05 6.068704788936000227e+01
2.245697995539771554e-05 6.205123306893155899e+01
2.298059988758848710e-05 6.344608330471093183e+01
2.351642884494346329e-05 6.487228871149932274e+01
2.406475150015421866e-05 6.633055385361812739e+01
2.462585916350544169e-05 6.782159823285992672e+01
2.520004993764089510e-05 6.934615742247106596e+01
2.578762887593798400e-05 7.090498345564743943e+01
2.638890814457507585e-05 7.249884590640175475e+01
2.700420718837769874e-05 7.412853286346373238e+01
2.763385290053166867e-05 7.579485029688345321e+01
2.827817979625338199e-05 7.749862234519241611e+01
2.893753019050947418e-05 7.924069142753691608e+01
2.961225437988031288e-05 8.102191770719650776e+01
3.030271082866393099e-05 8.284318032190121528e+01
3.100926635931923166e-05 8.470537810284565694e+01
3.173229634734972955e-05 8.660943009585908214e+01
3.247218492073125124e-05 8.855627680433370585e+01
3.322932516398968385e-05 9.054688038619156032e+01
3.400411932703702948e-05 9.258222465598689155e+01
3.479697903887688269e-05 9.466331555297735179e+01
3.560832552629274530e-05 9.679118111731708041e+01
3.643858983763540501e-05 9.896687177097994947e+01
3.728821307182830118e-05 1.011914614383554607e+02
3.815764661271244413e-05 1.034660481181977048e+02
3.904735236885555739e-05 1.057917545722520885e+02
3.995780301895265397e-05 1.081697292002840953e+02
4.088948226294864539e-05 1.106011462715263889e+02
4.184288507901584570e-05 1.130872064226684586e+02
4.281851798652415236e-05 1.156291372751567650e+02
4.381689931514194311e-05 1.182281942131209576e+02
4.483855948021190816e-05 1.208856609142629992e+02
4.588404126454761567e-05 1.236028499009596828e+02
4.695390010680062706e-05 1.263811031443163841e+02
4.804870439655133953e-05 1.292217917174573358e+02
4.916903577628031102e-05 1.321263163422896412e+02
5.031548945038056354e-05 1.350961090153962232e+02
5.148867450137497919e-05 1.381326337534320885e+02
5.268921421350677227e-05 1.412373880886514428e+02
5.391774640387505315e-05 1.444119049007182696e+02
5.517492376129128718e-05 1.476577517648576361e+02
5.646141419303672785e-05 1.509765314929869646e+02
5.777790117970507076e-05 1.543698826128072596e+02
5.912508413831881030e-05 1.578394786999061523e+02
6.050367879391224625e-05 1.613870301931865754e+02
6.191441755977847869e-05 1.650142857925631006e+02
6.335804992658254750e-05 1.687230333269979212e+02
6.483534286054727050e-05 1.725151008502794241e+02
6.634708121092350460e-05 1.763923575053059096e+02
6.789406812696112826e-05 1.803567142672377486e+02
6.947712548460240371e-05 1.844101248766447441e+02
7.109709432312438478e-05 1.885545872223974015e+02
7.275483529196232206e-05 1.927921446872268234e+02
7.445122910795143767e-05 1.971248865265095276e+02
7.618717702322998534e-05 2.015549488220731291e+02
7.796360130405236585e-05 2.060845150533758954e+02
7.978144572076628584e-05 2.107158156110217817e+02
8.164167604921472403e-05 2.154511301816803552e+02
8.354528058382871408e-05 2.202927893283273022e+02
8.549327066268385105e-05 2.252431754841396696e+02
8.748668120479914808e-05 2.303047227665787773e+02
8.952657125996401179e-05 2.354799185860158275e+02
9.161402457138520365e-05 2.407713056494152966e+02
9.375015015145289155e-05 2.461814832570144347e+02
9.593608287093146887e-05 2.517131112726798108e+02
9.817298406188840773e-05 2.573689126419145055e+02
1.004620421346813112e-04 2.631516715310258405e+02
1.028044732093309733e-04 2.690642344449081520e+02
1.052015217616159118e-04 2.751095094486645962e+02
1.076544612842315928e-04 2.812904627967286615e+02
1.101645949633656949e-04 2.876101252282182941e+02
1.127332563710487184e-04 2.940715946071640019e+02
1.153618101736478507e-04 3.006780377052699009e+02
1.180516528568805612e-04 3.074326938656171819e+02
1.208042134677328878e-04 3.143388754580791442e+02
1.236209543736769146e-04 3.213999684152242367e+02
1.265033720395903835e-04 3.286194337530381517e+02
1.294529978227916035e-04 3.360008070362359831e+02
1.324713987866117508e-04 3.435476997523299474e+02
1.355601785329368979e-04 3.512638030848334552e+02
1.387209780541621008e-04 3.591528897532816700e+02
1.419554766050101563e-04 3.672188156694749068e+02
1.452653925946781202e-04 3.754655215784816278e+02
1.486524844997857086e-04 3.838970351279342594e+02
1.521185517986104894e-04 3.925174727952842773e+02
1.556654359271062154e-04 4.013310405650292978e+02
1.592950212572122977e-04 4.103420298764672225e+02
1.630092360979741085e-04 4.195548236076251101e+02
1.668100537200059119e-04 4.289739004026906741e+02
1.706994934038408014e-04 4.386038369622818323e+02
1.746796215127245720e-04 4.484493138272938495e+02
1.787525525904235457e-04 4.585151171187919203e+02
1.829204504846293803e-04 4.688061379252388292e+02
1.871855294965579319e-04 4.793273744004291075e+02
1.915500555573527931e-04 4.900839275902512782e+02
1.960163474319185771e-04 5.010809980275859630e+02
2.005867779508234102e-04 5.123238975491856309e+02
2.052637752709252192e-04 5.238180527517959035e+02
2.100498241653915262e-04 5.355690076790888270e+02
2.149474673437980470e-04 5.475824272336560625e+02
2.199593068030074913e-04 5.598640988768303259e+02
2.250880052095461704e-04 5.724199348810782340e+02
2.303362873142131230e-04 5.852559738098418620e+02
2.357069413996727843e-04 5.983783717945578928e+02
2.412028207618006860e-04 6.117934087782509778e+02
2.468268452255692339e-04 6.255074981434138408e+02
2.525820026962784779e-04 6.395271894329572433e+02
2.584713507469563534e-04 6.538591674319156937e+02
2.644980182427719858e-04 6.685102532257498069e+02
2.706652070033241072e-04 6.834874113692276296e+02
2.769761935036891046e-04 6.987977530903073102e+02
2.834343306151309184e-04 7.144485368888650783e+02
2.900430493863991868e-04 7.304471662772916716e+02
2.968058608665602493e-04 7.468011980267691570e+02
3.037263579703311511e-04 7.635183465144219781e+02
3.108082173869063645e-04 7.806064837870655992e+02
3.180552015332919840e-04 7.980736215870933847e+02
3.254711605531848163e-04 8.159279248520531382e+02
3.330600343624588820e-04 8.341777251140729277e+02
3.408258547423452110e-04 8.528315232744762397e+02
3.487727474814177595e-04 8.718979834222410545e+02
3.569049345675229896e-04 8.913859345490317310e+02
3.652267364308175480e-04 9.113043826217893866e+02
3.737425742391063937e-04 9.316625141931084499e+02
3.824569722466999088e-04 9.524696925245011698e+02
3.913745601980383993e-04 9.737354503602533669e+02
4.005000757873611187e-04 9.954695062314748384e+02
4.098383671757261184e-04 1.017681769959614712e+03
4.193943955667186118e-04 1.040382339662544155e+03
4.291732378422157359e-04 1.063581474340063551e+03
4.391800892596086085e-04 1.087289617264833623e+03
4.494202662119142376e-04 1.111517411135338989e+03
4.598992090522438275e-04 1.136275699691974069e+03
4.706224849841281286e-04 1.161575506808610953e+03
4.815957910192350576e-04 1.187428041974893176e+03
4.928249570040513054e-04 1.213844721921758946e+03
5.043159487171358559e-04 1.240837174066260332e+03
5.160748710385908026e-04 1.268417226248953966e+03
5.281079711934330654e-04 1.296596897644926912e+03
5.404216420705914865e-04 1.325388421463057739e+03
5.530224256192900478e-04 1.354804250198153795e+03
5.659170163246242521e-04 1.384857043318593696e+03
5.791122647641758691e-04 1.415559618425667395e+03
5.926151812475552710e-04 1.446924996220529692e+03
6.064329395408061141e-04 1.478966419148229988e+03
6.205728806776500623e-04 1.511697350858798700e+03
6.350425168595961881e-04 1.545131447934957578e+03
6.498495354469888087e-04 1.579282571552724903e+03
6.650018030431118507e-04 1.614164808617394783e+03
6.805073696735206446e-04 1.649792473247410953e+03
6.963744730628222430e-04 1.686180071248022386e+03
7.126115430111745839e-04 1.723342283561553813e+03
7.292272058728313045e-04 1.761294012817188104e+03
7.462302891391107279e-04 1.800050388329566886e+03
7.636298261282241416e-04 1.839626737404996902e+03
7.814350607844542133e-04 1.880038517463322478e+03
7.996554525892346716e-04 1.921301385818758945e+03
8.183006815867389754e-04 1.963431217846169147e+03
8.373806535266489033e-04 2.006444095882254487e+03
8.569055051268347108e-04 2.050356227890217724e+03
8.768856094587426870e-04 2.095183986907400140e+03
8.973315814583519715e-04 2.140943950891897657e+03
9.182542835656281937e-04 2.187652898779629140e+03
9.396648314954690433e-04 2.235327726034913667e+03
9.615746001432095213e-04 2.283985429235119682e+03
9.839952296278227113e-04 2.333643184853074672e+03
1.006938631476027041e-03 2.384318350788149019e+03
1.030416994950587558e-03 2.436028386984117788e+03
1.054442793526168438e-03 2.488790736759271113e+03
1.079028791516183647e-03 2.542622966063222066e+03
1.104188050854160164e-03 2.597542784202200892e+03
1.129933938033221693e-03 2.653568007076185040e+03
1.156280131207375458e-03 2.710716392770528273e+03
1.183240627458377906e-03 2.769005739367790738e+03
1.210829750232039325e-03 2.828453941282018150e+03
1.239062156947915577e-03 2.889078969501617394e+03
1.267952846786433866e-03 2.950898665462382723e+03
1.297517168657586796e-03 3.013930750196980625e+03
1.327770829355428986e-03 3.078192969850745158e+03
1.358729901902709127e-03 3.143703088912393468e+03
1.390410834090069709e-03 3.210478770831581187e+03
1.422830457214352027e-03 3.278537465453007371e+03
1.456005995020648574e-03 3.347896559830588558e+03
1.489955072852853580e-03 3.418573384518665080e+03
1.524695727017573053e-03 3.490585121777770382e+03
1.560246414366367983e-03 3.563948521985123989e+03
1.596626022101425152e-03 3.638680107045817294e+03
1.633853877809862123e-03 3.714796238509409250e+03
1.671949759731990040e-03 3.792313068357336306e+03
1.710933907269015109e-03 3.871246192133907243e+03
1.750827031735725098e-03 3.951610727960784516e+03
1.791650327363901278e-03 4.033421501632526542e+03
1.833425482562290763e-03 4.116693022964093871e+03
1.876174691439121437e-03 4.201439267311265212e+03
1.919920665593284788e-03 4.287673553191426436e+03
1.964686646180446600e-03 4.375408754319273612e+03
2.010496416260499231e-03 4.464657292098178914e+03
2.057374313432913573e-03 4.555430965571186789e+03
2.105345242766706263e-03 4.647740589723347512e+03
2.154434690031884272e-03 4.741596298944452428e+03
2.204668735239409625e-03 4.837007602498411870e+03
2.256074066496861676e-03 4.933983308049329935e+03
2.308677994187169520e-03 5.032531168039126896e+03
2.362508465477947562e-03 5.132658001631240040e+03
2.417594079169130793e-03 5.234369821468485497e+03
2.473964100886814031e-03 5.337671785697653831e+03
2.531648478631355528e-03 5.442567835308777831e+03
2.590677858688008716e-03 5.549060600027212786e+03
2.651083601908538895e-03 5.657151680510460210e+03
2.712897800372467225e-03 5.766841624512940143e+03
2.776153294436800850e-03 5.878129714630045783e+03
2.840883690183303948e-03 5.991013664911896740e+03
2.907123377272578368e-03 6.105489905304577405e+03
2.974907547214440586e-03 6.221553597059506501e+03
3.044272212064302961e-03 6.339198494449654390e+03
3.115254223555487950e-03 6.458416420998129070e+03
3.187891292677645996e-03 6.579197541228676528e+03
3.262222009711669788e-03 6.701530510451951159e+03
3.338285864731760887e-03 6.825402394508609177e+03
3.416123268585528460e-03 6.950798055613455290e+03
3.495775574363275268e-03 7.077700159027906921e+03
3.577285099367873231e-03 7.206089582197881100e+03
3.660695147596902416e-03 7.335945378409288423e+03
3.746050032748993088e-03 7.467244254785233352e+03
3.833395101766601514e-03 7.599960079932197914e+03
3.922776758927719494e-03 7.734064574371887829e+03
4.014242490499322046e-03 7.869527355980986613e+03
4.107840889965646940e-03 8.006315589200873546e+03
4.203621683844713762e-03 8.144392868652396828e+03
4.301635758106795056e-03 8.283720068690883636e+03
4.401935185208874328e-03 8.424255652900585119e+03
4.504573251759458330e-03 8.565955596287565641e+03
4.609604486828434121e-03 8.708772941048919165e+03
4.717084690917017036e-03 8.852657888064519284e+03
4.827070965603183494e-03 8.997558027087510709e+03
4.939621743878320863e-03 9.143418245852964901e+03
5.054796821191240297e-03 9.290177689461750560e+03
5.172657387216019441e-03 9.437768232529855595e+03
5.293266058360561639e-03 9.586118230309159117e+03
5.416686911033152113e-03 9.735152810313607915e+03
5.542985515684668851e-03 9.884797281309094615e+03
5.672228971644543115e-03 1.003498518816643991e+04
5.804485942768978189e-03 1.018565001868577019e+04
5.939826693920356553e-03 1.033672302819816650e+04
6.078323128297229670e-03 1.048812946541600650e+04
6.220048825634711363e-03 1.063976084333222389e+04
6.365079081295571019e-03 1.079148899049505781e+04
6.513490946272802555e-03 1.094318058164307149e+04
6.665363268124913435e-03 1.109469782784740346e+04
6.820776732865685421e-03 1.124591308669333739e+04
6.979813907830660115e-03 1.139671121925983243e+04
7.142559285543126184e-03 1.154697480192478542e+04
7.309099328602910832e-03 1.169658339977312789e+04
7.479522515621821015e-03 1.184541233839032611e+04
7.653919388230148030e-03 1.199333079982850722e+04
7.832382599179196422e-03 1.214020452065699828e+04
8.015006961565405291e-03 1.228589637534279973e+04
8.201889499202202546e-03 1.243026397370609811e+04
8.393129498166364971e-03 1.257314694810577384e+04
8.588828559546249353e-03 1.271437598428393540e+04
8.789090653419954699e-03 1.285377844806952089e+04
8.994022174092043687e-03 1.299117827705896525e+04
9.203731996618221695e-03 1.312639087003891837e+04
9.418331534647951184e-03 1.325922397094448570e+04
9.637934799615785822e-03 1.338948239248607752e+04
9.862658461312821118e-03 1.351696842716033098e+04
1.009262190987048405e-02 1.364147838145934293e+04
1.032794731918952429e-02 1.376279945589989256e+04
1.056875971184804974e-02 1.388071624817009433e+04
1.081518702552289150e-02 1.399501192586180696e+04
1.106736018095974550e-02 1.410546669187572297e+04
1.132541315152812630e-02 1.421185136100532691e+04
1.158948303439811742e-02 1.431393395010858512e+04
1.185971012337670542e-02 1.441148260257883157e+04
1.213623798344241715e-02 1.450426495584846089e+04
1.241921352701784616e-02 1.459203578075625774e+04
1.270878709202059517e-02 1.467454223086163074e+04
1.300511252173409786e-02 1.475153337791771628e+04
1.330834724654075991e-02 1.482276097937427039e+04
1.361865236756082745e-02 1.488797360777593167e+04
1.393619274224143501e-02 1.494691443681237797e+04
1.426113707194129852e-02 1.499933091684559804e+04
1.459365799155757683e-02 1.504497642571562574e+04
1.493393216124253367e-02 1.508360687940087882e+04
1.528214036025870790e-02 1.511497168495877850e+04
1.563846758302247716e-02 1.513882599085589391e+04
1.600310313738701612e-02 1.515493468989933899e+04
1.637624074521688844e-02 1.516307240177313361e+04
1.675807864530768840e-02 1.516301645736173850e+04
1.714881969870540868e-02 1.515455268439023530e+04
1.754867149648152089e-02 1.513748110555377207e+04
1.795784647002096959e-02 1.511161705872844686e+04
1.837656200388172387e-02 1.507679038208738348e+04
1.880504055128583499e-02 1.503284636318254161e+04
1.924350975230332272e-02 1.497964898573895880e+04
1.969220255479173579e-02 1.491708213105855430e+04
2.015135733815558508e-02 1.484505472274675594e+04
2.062121803999144437e-02 1.476350764051476654e+04
2.110203428568596662e-02 1.467240572362066814e+04
2.159406152103567761e-02 1.457173693696510054e+04
2.209756114795903212e-02 1.446151833503144735e+04
2.261280066337279654e-02 1.434182307577378378e+04
2.314005380130654266e-02 1.421275964156675946e+04
2.367960067833078594e-02 1.407445966682560720e+04
2.423172794237600514e-02 1.392708088675067484e+04
2.479672892502160150e-02 1.377085580663428482e+04
2.537490379733571555e-02 1.360608062564151078e+04
2.596655972934872394e-02 1.343307008396779565e+04
2.657201105324506762e-02 1.325215549194838604e+04
2.719157943036018890e-02 1.306373485369272566e+04
2.782559402207126012e-02 1.286831271986457978e+04
2.847439166467247845e-02 1.266640734414108556e+04
2.913831704832788722e-02 1.245853767581924876e+04
2.981772290019673449e-02 1.224525686957034850e+04
3.051297017182870788e-02 1.202726879011519850e+04
3.122442823092858033e-02 1.180530145828469358e+04
3.195247505759213347e-02 1.158005853496390046e+04
3.269749744511767781e-02 1.135222923682514011e+04
3.345989120549974771e-02 1.112261243963085326e+04
3.424006137971425529e-02 1.089205413592898003e+04
3.503842245290676033e-02 1.066135126368063902e+04
3.585539857459817126e-02 1.043125226201777514e+04
3.669142378402494298e-02 1.020259305723131547e+04
3.754694224073337055e-02 9.976342267082787657e+03
3.842240846055060971e-02 9.753403257691874387e+03
3.931828755705769896e-02 9.534600258769691209e+03
4.023505548869293208e-02 9.320634538808040816e+03
4.117319931161678853e-02 9.111985553955122668e+03
4.213321743847289053e-02 8.909051250727943625e+03
4.311561990318228677e-02 8.712185677782506900e+03
4.412092863191190151e-02 8.521751787970124496e+03
4.514967772036102001e-02 8.338480034025807981e+03
4.620241371751312998e-02 8.163229751463367393e+03
4.727969591600390820e-02 7.996780939024952204e+03
4.838209664925956915e-02 7.839775325686774522e+03
4.951020159556351191e-02 7.691894056423721850e+03
5.066461008921268466e-02 7.552196519017161336e+03
5.184593543892913187e-02 7.419793396932870564e+03
5.305480525369574152e-02 7.293852092263126906e+03
5.429186177618942899e-02 7.173576609500670202e+03
5.555776222398877556e-02 7.058213901505638205e+03
5.685317913873753209e-02 6.947052840906092570e+03
5.817880074344935343e-02 6.839273905019426820e+03
5.953533130814370189e-02 6.733900843506768979e+03
6.092349152400711870e-02 6.629999303734591194e+03
6.234401888627864180e-02 6.526522318596258629e+03
6.379766808606282535e-02 6.422075553939764177e+03
6.528521141127847927e-02 6.315294187398865688e+03
6.680743915695615265e-02 6.204739718923870896e+03
6.836516004510238831e-02 6.088676357211033974e+03
6.995920165435375038e-02 5.965474501219953709e+03
7.159041085964888695e-02 5.833919437764412578e+03
7.325965428215229502e-02 5.693298400957845843e+03
7.496781874966876313e-02 5.543158834706613561e+03
7.671581176779301847e-02 5.383805820597567617e+03
7.850456200204508628e-02 5.215961163442449106e+03
8.033501977124735127e-02 5.040793606441152406e+03
8.220815755240540312e-02 4.860167088733094715e+03
8.412497049736118726e-02 4.676002909658921453e+03
8.608647696149245021e-02 4.490533802503963670e+03
8.809371904473990711e-02 4.305928493480683755e+03
9.014776314524917955e-02 4.124403992466936870e+03
9.224970052592174063e-02 3.948065597325917224e+03
9.440064789417602908e-02 3.779061565690572934e+03
9.660174799522645850e-02 3.619466063834535362e+03
9.885417021919573610e-02 3.471031226057154981e+03
1.011591112223829692e-01 3.335343947348428173e+03
1.035177955630176283e-01 3.213652695602023414e+03
1.059314763518370006e-01 3.106244205053832047e+03
1.084014359178330916e-01 3.012916321965333282e+03
1.109289864895222771e-01 2.932496986162228495e+03
1.135154708920999012e-01 2.862925528046024738e+03
1.161622632608501904e-01 2.801696764694017929e+03
1.188707697711903349e-01 2.745630026786234794e+03
1.216424293857368000e-01 2.691529049982885226e+03
1.244787146187906202e-01 2.636129257681402578e+03
1.273811323186478384e-01 2.576559899377614329e+03
1.303512244681508947e-01 2.510465206543630302e+03
1.333905690039058622e-01 2.436372832226471473e+03
1.365007806546013891e-01 2.353708179896821093e+03
1.396835117988739772e-01 2.263023164581896253e+03
1.429404533431760937e-01 2.165678682563565872e+03
1.462733356201129931e-01 2.063912083047194756e+03
1.496839293077255606e-01 1.960550703198868632e+03
1.531740463702079835e-01 1.858904617284644473e+03
1.567455410205594868e-01 1.762614041138274615e+03
1.604003107056820032e-01 1.674949880363257307e+03
1.641402971144466372e-01 1.598357516977519026e+03
1.679674872092653259e-01 1.533633420254102930e+03
1.718839142817145671e-01 1.480019453588892020e+03
1.758916590327732621e-01 1.435447055223496136e+03
1.799928506782476345e-01 1.397198734042793376e+03
1.841896680799710861e-01 1.362275496155848032e+03
1.884843409033795381e-01 1.327486761335841265e+03
1.928791508020777645e-01 1.289673065904991518e+03
1.973764326300255501e-01 1.246367849671668182e+03
2.019785756819878486e-01 1.196738026875129435e+03
2.066880249629081956e-01 1.141860698432237541e+03
2.115072824868794721e-01 1.084201294102039128e+03
2.164389086064020251e-01 1.026788967742469595e+03
2.214855233726359396e-01 9.725892473840009416e+02
2.266498079273692734e-01 9.240425862580034391e+02
2.319345059274427467e-01 8.825253274077264223e+02
2.373424250023866144e-01 8.479628311055917038e+02
2.428764382460450455e-01 8.189405884346622315e+02
2.485394857429798487e-01 7.931138232837149644e+02
2.543345761304648400e-01 7.676843336286292470e+02
2.602647881969004651e-01 7.401981453356712564e+02
2.663332725174980542e-01 7.095658053646581038e+02
2.725432531281027915e-01 6.763793596933243180e+02
2.788980292380439652e-01 6.422431449448218928e+02
2.854009769829237708e-01 6.090824597357525363e+02
2.920555512182745339e-01 5.787828174021052519e+02
2.988652873550382560e-01 5.525016090950133503e+02
3.058338032378431492e-01 5.299754975725651320e+02
3.129648010670750269e-01 5.098126272747022085e+02
3.202620693657650119e-01 4.903792341268932091e+02
3.277294849923382269e-01 4.703574350936756900e+02
3.353710152002928879e-01 4.491456998441530573e+02
3.431907197459042602e-01 4.272564631894130116e+02
3.511927530450727475e-01 4.059519009159703273e+02
3.593813663804625858e-01 3.862900670097204170e+02
3.677609101601030939e-01 3.686624189576291428e+02
3.763358362286532977e-01 3.528168463083744655e+02
3.851107002325568907e-01 3.379230727497857174e+02
3.940901640403447481e-01 3.230974842314192301e+02
4.032789982193705214e-01 3.080595394764297339e+02
4.126820845702952045e-01 2.931253813835584197e+02
4.223044187206672073e-01 2.788410490578286272e+02
4.321511127789762208e-01 2.656462980358224399e+02
4.422273980505896929e-01 2.535080509129341522e+02
4.525386278170166476e-01 2.420221785955489224e+02
4.630902801799736679e-01 2.308415684322938830e+02
4.738879609717651098e-01 2.198024888849848253e+02
4.849374067335233129e-01 2.091274096992773082e+02
4.962444877628913176e-01 1.990421393192372648e+02
5.078152112327670720e-01 1.896001048368887041e+02
5.196557243827657491e-01 1.806693536067308514e+02
5.317723177850967042e-01 1.720486541770716826e+02
5.441714286865887429e-01 1.637097189983732619e+02
5.568596444286408875e-01 1.557149143401351807e+02
5.698437059469135813e-01 1.481569719194586412e+02
5.831305113526218387e-01 1.409902131958018003e+02
5.967271195973310460e-01 1.341491245939917292e+02
6.106407542232036301e-01 1.275723953472807466e+02
6.248788072006887795e-01 1.212929278959357902e+02
6.394488428556936999e-01 1.153203193200143062e+02
6.543586018883229549e-01 1.096464249999551157e+02
6.696160054853215193e-01 1.042366413173160993e+02
6.852291595284056847e-01 9.907523818594961540e+01
7.012063589007176967e-01 9.415262458527240597e+01
7.175560918936920718e-01 8.945943538025737496e+01
7.342870447166758296e-01 8.498653389779356360e+01
7.514081061116961724e-01 8.072501800468471345e+01
7.689283720758305352e-01 7.666622492436506775e+01
7.868571506936843374e-01 7.280173488147454464e+01
8.052039670825469342e-01 6.912337366095080426e+01
8.239785684528511123e-01 6.562320010034936502e+01
8.431909292866250905e-01 6.229323484686082679e+01
8.628512566366887127e-01 5.912554252752148898e+01
8.829699955494082486e-01 5.611253176335505799e+01
9.035578346138920525e-01 5.324695238631306182e+01
9.246257116405733889e-01 5.052188066431660474e+01
9.461848194721992344e-01 4.793070514598819187e+01
9.682466119303113627e-01 4.546711309968010539e+01
9.908228099003787426e-01 4.312507752242888870e+01
1.013925407558814218e+00 4.089884469548220380e+01
1.037566678745184934e+00 3.878293892096154849e+01
1.061759183482999136e+00 3.677219208646313575e+01
1.086515774652537347e+00 3.486167337082691375e+01
1.111849604819269866e+00 3.304666382506817968e+01
1.137774133221490125e+00 3.132264849276565499e+01
1.164303132920875505e+00 2.968530874694653576e+01
1.191450698119774776e+00 2.813051484247946021e+01
1.219231251649109504e+00 2.665431868259311443e+01
1.247659552630868474e+00 2.525294679778131623e+01
1.276750704319264518e+00 2.392279303810492053e+01
1.306520162124719997e+00 2.266040219386144017e+01
1.336983741824945282e+00 2.146246655794558578e+01
1.368157627967470535e+00 2.032583069239279183e+01
1.400058382468096108e+00 1.924748536663063447e+01
1.432702953409829449e+00 1.822456127452934993e+01
1.466108684046983024e+00 1.725432299288339522e+01
1.500293322019216724e+00 1.633416317368167725e+01
1.535275028780421103e+00 1.546159696267393358e+01
1.571072389247448742e+00 1.463425663688964917e+01
1.607704421673822104e+00 1.384988670185487791e+01
1.645190587753660783e+00 1.310633956343502504e+01
1.683550802961200743e+00 1.240156988282762462e+01
1.722805447131392276e+00 1.173362979286453722e+01
1.762975375287203939e+00 1.110066456039026583e+01
1.804081928719381001e+00 1.050090842322889273e+01
1.846146946324545679e+00 9.932680595802221291e+00
1.889192776207664348e+00 9.394381437597246531e+00
1.933242287555043237e+00 8.884488778820902155e+00
1.978318882784162236e+00 8.401554372442248564e+00
2.024446509976801867e+00 7.944200011355682101e+00
2.071649675602067031e+00 7.511114445179170040e+00
2.119953457536068786e+00 7.101050855410506735e+00
2.169383518385182175e+00 6.712823882351598215e+00
2.219966119119952452e+00 6.345306756057670583e+00
2.271728133026902796e+00 5.997428551545520570e+00
2.324697059985645353e+00 5.668171563450846939e+00
2.378901041078890888e+00 5.356568795478197309e+00
2.434368873543108158e+00 5.061701560136490308e+00
2.491130026067785774e+00 4.782697103636271763e+00
2.549214654451420703e+00 4.518726209208425715e+00
2.608653617622550769e+00 4.269001398373965195e+00
2.669478494034323468e+00 4.032775005013215619e+00
2.731721598441378962e+00 3.809337251821444337e+00
2.795415999067859314e+00 3.598014414285647167e+00
2.860595535175745052e+00 3.398167068521175338e+00
2.927294835042819177e+00 3.209188419442827733e+00
2.995549334359816296e+00 3.030502705874750458e+00
3.065395295056529967e+00 2.861563675544152474e+00
3.136869824566879572e+00 2.701853057090580545e+00
3.210010895543174758e+00 2.550879199789804375e+00
3.284857366030046855e+00 2.408175843642175629e+00
3.361449000108768459e+00 2.273300861708721587e+00
3.439826489022927980e+00 2.145835058088657377e+00
3.520031472796682603e+00 2.025381022878439019e+00
3.602106562357073827e+00 1.911562041584980776e+00
3.686095362172161494e+00 1.804021056567171044e+00
3.772042493417001374e+00 1.702419678178211937e+00
3.859993617679771116e+00 1.606437217005131757e+00
3.949995461220646931e+00 1.515769720200258908e+00
4.042095839796310486e+00 1.430129216720225305e+00
4.136343684063278126e+00 1.349242930997934131e+00
4.232789065573553167e+00 1.272852506694691854e+00
4.331483223376403124e+00 1.200713268533039502e+00
4.432478591240400334e+00 1.132593520436505630e+00
4.535828825510191287e+00 1.068273878280533662e+00
4.641588833612781961e+00 1.007546635631723086e+00
4.749814803228504800e+00 9.502151605845823301e-01
4.860564232142138508e+00 8.960933158187704972e-01
4.973895958790067517e+00 8.450049163274587771e-01
5.089870193519685060e+00 7.967832204737259616e-01
5.208548550577665637e+00 7.512704386413026070e-01
5.329994080844093318e+00 7.083172662118942808e-01
5.454271305329836395e+00 6.677824400587089038e-01
5.581446249454966591e+00 6.295323174238712793e-01
5.711586478126434940e+00 5.934404760989604455e-01
5.844761131633637419e+00 5.593873348769814458e-01
5.981040962380943959e+00 5.272597844391450073e-01
6.120498372476703253e+00 4.969508224002425756e-01
6.263207452198692238e+00 4.683592621694994684e-01
6.409244019356457045e+00 4.413894337226783038e-01
6.558685659571435345e+00 4.159508900441203916e-01
6.711611767496286518e+00 3.919581287419343640e-01
6.868103588995307263e+00 3.693303280794698606e-01
7.028244264308352918e+00 3.479910967023419066e-01
7.192118872221192838e+00 3.278682363747218442e-01
7.359814475265770817e+00 3.088935169570337647e-01
7.531420165974375358e+00 2.910024608011093084e-01
7.707027114212303687e+00 2.741341414118130260e-01
7.886728615614155835e+00 2.582309948457032767e-01
8.070620141149507987e+00 2.432386382695233273e-01
8.258799387844272033e+00 2.291056979372921576e-01
8.451366330684722428e+00 2.157836462322297311e-01
8.648423275731726534e+00 2.032266473105703297e-01
8.850074914473438525e+00 1.913914109069944358e-01
9.056428379445293331e+00 1.802370538831634950e-01
9.267593301146883178e+00 1.697249675886266240e-01
9.483681866285927242e+00 1.598186896689272884e-01
9.704808877380306953e+00 1.504837923741704497e-01
9.931091813749800323e+00 1.416877728243678414e-01
1.016265089392995158e+01 1.333999474189158096e-01
1.039960913954120336e+01 1.255913519102742626e-01
1.064209244064724658e+01 1.182346468459871264e-01
1.089022962263730498e+01 1.113040280980639313e-01
1.114415251466788170e+01 1.047751422130812765e-01
1.140399601970033139e+01 9.862500627297550448e-02
1.166989818617147456e+01 9.283193090840818895e-02
1.194200028133532498e+01 8.737544898559972129e-02
1.222044686631488730e+01 8.223624929353171020e-02
1.250538587290391312e+01 7.739611243230168358e-02
1.279696868215941663e+01 7.283785012489173150e-02
1.309535020482667633e+01 6.854524783623977546e-02
1.340068896363950657e+01 6.450301052349041719e-02
1.371314717753945622e+01 6.069671135044495819e-02
1.403289084785873087e+01 5.711274320789821307e-02
1.436008984651260612e+01 5.373827243167271506e-02
1.469491800624817301e+01 5.056119426158676988e-02
1.503755321299738412e+01 4.757009367570966957e-02
1.538817750038346333e+01 4.475420717821516903e-02
1.574697714643086677e+01 4.210338616565217906e-02
1.611414277253019733e+01 3.960806231796820676e-02
1.648986944471064930e+01 3.725921490458389967e-02
1.687435677727375705e+01 3.504833990159494927e-02
1.726780903884355922e+01 3.296742082172021693e-02
1.767043526088946592e+01 3.100890114691699437e-02
1.808244934877951593e+01 2.916565793578840965e-02
1.850407019542302223e+01 2.743097735325899719e-02
1.893552179756295217e+01 2.579853191539700080e-02
1.937703337477988796e+01 2.426235857568323148e-02
1.982883949127071332e+01 2.281683801581451537e-02
2.029118018046678174e+01 2.145667509542868376e-02
2.076430107255774615e+01 2.017688039702094857e-02
2.124845352498882889e+01 1.897275280575201617e-02
2.174389475600079891e+01 1.783986306710635961e-02
2.225088798128369305e+01 1.677403816352147914e-02
2.276970255381679920e+01 1.577134638230584876e-02
2.330061410696924540e+01 1.482808390369336725e-02
2.384390470093720538e+01 1.394076186873368338e-02
2.439986297259550341e+01 1.310609405333132416e-02
2.496878428884326695e+01 1.232098523954235081e-02
2.555097090352506939e+01 1.158252024528147288e-02
2.614673211801092023e+01 1.088795357572449295e-02
2.675638444552045314e+01 1.023469966169914327e-02
2.738025177927857712e+01 9.620323643171892550e-03
2.801866556459195223e+01 9.042532479879974994e-03
2.867196497493769769e+01 8.499166814751893395e-03
2.934049709215787161e+01 7.988193498039232454e-03
3.002461709085549302e+01 7.507698300405202599e-03
3.072468842709003667e+01 7.055879030860252865e-03
3.144108303147264749e+01 6.631039048324038378e-03
3.217418150676371624e+01 6.231581144589664820e-03
3.292437333007768530e+01 5.856001777703301499e-03
3.369205705980267140e+01 5.502885635941237065e-03
3.447764054734464167e+01 5.170900475148626149e-03
3.528154115380883127e+01 4.858792181891583191e-03
3.610418597173337218e+01 4.565380372957074037e-03
3.694601205199302285e+01 4.289554146159515156e-03
3.780746663599349233e+01 4.030268029236081483e-03
3.868900739327975202e+01 3.786538162522759890e-03
3.959110266468458406e+01 3.557438702070034927e-03
4.051423171114647204e+01 3.342098430609220967e-03
4.145888496832910874e+01 3.139697564490601719e-03
4.242556430717777260e+01 2.949464740610289407e-03
4.341478330055092272e+01 2.770674072303252675e-03
4.442706749606882966e+01 2.602642507313626501e-03
4.546295469532399380e+01 2.444727447183551311e-03
4.652299523960189020e+01 2.296324376557479403e-03
4.760775230226368393e+01 2.156864624234369147e-03
4.871780218794631168e+01 2.025813254764314685e-03
4.985373463873893485e+01 1.902667083042316326e-03
5.101615314749833630e+01 1.786952804785627317e-03
5.220567527846975509e+01 1.678225236188401505e-03
5.342293299538351903e+01 1.576065647640616674e-03
5.466857299720180663e+01 1.480080178329837813e-03
5.594325706169377810e+01 1.389898401972958913e-03
5.724766239702178439e+01 1.305171953180063894e-03
5.858248200152535645e+01 1.225573223380472306e-03
5.994842503189408944e+01 1.150794133255831188e-03
6.134621717992506262e+01 1.080544977226112653e-03
6.277660105806499757e+01 1.014553335791382833e-03
6.424033659394190465e+01 9.525630517750008656e-04
6.573820143409585626e+01 8.943332610605955356e-04
6.727099135712336420e+01 8.396373519955598269e-04
6.883952069645496863e+01 7.882621445148965461e-04
7.044462277299037112e+01 7.400072519520866808e-04
7.208715033782135606e+01 6.946843232103257909e-04
7.376797602527730646e+01 6.521163222208231592e-04
7.548799281653431592e+01 6.121368504646583280e-04
7.724811451403400042e+01 5.745895099848443094e-04
7.904927622696420997e+01 5.393273044693235952e-04
8.089243486805938232e+01 5.062120761302475302e-04
8.277856966198471866e+01 4.751140227690024004e-04
8.470868266557401682e+01 4.459113334093270094e-04
8.668379930019773383e+01 4.184895326888257998e-04
8.870496889654403105e+01 3.927409881743760232e-04
9.077326525210223451e+01 3.685645060934087617e-04
9.288978720164497815e+01 3.458649506332549836e-04
9.505565920101190613e+01 3.245528854538955133e-04
9.727203192450537017e+01 3.045442361374180672e-04
9.954008287621518036e+01 2.857599723696362115e-04
1.018610170155977386e+02 2.681257933471356244e-04
1.042360673976403262e+02 2.515714767159032104e-04
1.066664958279540940e+02 2.360307004575011396e-04
1.091535935331393290e+02 2.214412542562255398e-04
1.116986818467824918e+02 2.077447995629281500e-04
1.143031129114480962e+02 1.948866228313576594e-04
1.169682703970387081e+02 1.828154049713827801e-04
1.196955702359045262e+02 1.714830059162192268e-04
1.224864613750933273e+02 1.608442632786249418e-04
1.253424265461402030e+02 1.508568041428883931e-04
1.282649830528062580e+02 1.414811081585122261e-04
1.312556835771845556e+02 1.326810395398037219e-04
1.343161170046018071e+02 1.244227182584428030e-04
1.374479092677539427e+02 1.166740989473702097e-04
1.406527242105239281e+02 1.094048867348944943e-04
1.439322644719409539e+02 1.025864555526136271e-04
1.472882723907504783e+02 9.619176897030220293e-05
1.507225309310758519e+02 9.019530360484631398e-05
1.542368646296630459e+02 8.457297513408100226e-05
1.578331405652119770e+02 7.930205333601054237e-05
1.615132693503092867e+02 7.436075957033163979e-05
1.652792061464897131e+02 6.972827626160626351e-05
1.691329517029650447e+02 6.538510396834245134e-05
1.730765534195727753e+02 6.131299569719674263e-05
1.771121064345090588e+02 5.749487462805775892e-05
1.812417547374239462e+02 5.391475738769286506e-05
1.854676923084701343e+02 5.055768248700299864e-05
1.897921642839103242e+02 4.740964356438343160e-05
1.942174681489028387e+02 4.445752710322249749e-05
1.987459549580985936e+02 4.168907142133407734e-05
2.033800305846984031e+02 3.909286316341881038e-05
2.081221569986341535e+02 3.665821626613564925e-05
2.129748535745523270e+02 3.437510435608723665e-05
2.179406984302958108e+02 3.223412031211485453e-05
2.230223297965940787e+02 3.022643828403452458e-05
2.282224474186900807e+02 2.834377801933436497e-05
2.335438139906481751e+02 2.657837135925360537e-05
2.389892566231052626e+02 2.492293077385898076e-05
2.445616683452448967e+02 2.337061953346831428e-05
2.502640096417921711e+02 2.191501693212471484e-05
2.560993100258461936e+02 2.055009373961261428e-05
2.620706696483854898e+02 1.927019667974451918e-05
2.681812609453018581e+02 1.807002537370056171e-05
2.744343303228368427e+02 1.694461027111279094e-05
2.808331998823175581e+02 1.588929196446120661e-05
2.873812691851069303e+02 1.489970179982997297e-05
2.940820170587066968e+02 1.397174370255671232e-05
3.009390034449723998e+02 1.310157714143932554e-05
3.079558712914229659e+02 1.228560151723361428e-05
3.151363484866482736e+02 1.152044227236343122e-05
3.224842498408445408e+02 1.080293537528497115e-05
3.300034791125288507e+02 1.013011373086881974e-05
3.376980310825094875e+02 9.499194928662385546e-06
3.455719936762142765e+02 8.907569752897330216e-06
3.536295501355046440e+02 8.352791406885414814e-06
3.618749812411284097e+02 7.832565407421424050e-06
3.703126675869930864e+02 7.344740107565936667e-06
3.789470919074671542e+02 6.887297802998223642e-06
3.877828414589461090e+02 6.458346248852312199e-06
3.968246104569485624e+02 6.056110872853174754e-06
4.060772025700369454e+02 5.678927634764570092e-06
4.155455334718879499e+02 5.325236150105935355e-06
4.252346334528686498e+02 4.993573232423432007e-06
4.351496500925054534e+02 4.682566837944333894e-06
4.452958509942660044e+02 4.390930387535799134e-06
4.556786265841068371e+02 4.117457442455675307e-06
4.663034929742736381e+02 3.861016711843760985e-06
4.771760948938750744e+02 3.620547378742949561e-06
4.883022086877884931e+02 3.395054733264366944e-06
4.996877453854888813e+02 3.183606025053670593e-06
5.113387538414331175e+02 2.985326594131747231e-06
5.232614239486666747e+02 2.799396253235190239e-06
5.354620899273612622e+02 2.625045895442470532e-06
5.479472336900292930e+02 2.461554313055952923e-06
5.607234882852038709e+02 2.308245214584579460e-06
5.737976414214139140e+02 2.164484427491928501e-06
5.871766390733261005e+02 2.029677275022877581e-06
6.008675891719692572e+02 1.903266113382685731e-06
6.148777653810029733e+02 1.784728025801998485e-06
6.292146109610350777e+02 1.673572663689238751e-06
6.438857427240426432e+02 1.569340218408880743e-06
6.588989550799956305e+02 1.471599519170006366e-06
6.742622241778349235e+02 1.379946249385020167e-06
6.899837121430025491e+02 1.294001274119442640e-06
7.060717714137780376e+02 1.213409071713937683e-06
7.225349491787221723e+02 1.137836263089993730e-06
7.393819919175873565e+02 1.066970232810935076e-06
7.566218500481062392e+02 1.000517836368894178e-06
7.742636826811277615e+02 9.382041868697223274e-07
7.923168624866261780e+02 8.797715177041026420e-07
8.107909806731694289e+02 8.249781162784646899e-07
8.296958520834915589e+02 7.735973241538992419e-07
8.490415204088754990e+02 7.254165994574389168e-07
8.688382635251192596e+02 6.802366376870728780e-07
8.890965989529166791e+02 6.378705472738193409e-07
9.098272894455567439e+02 5.981430764881133460e-07
9.310413487069084795e+02 5.608898884318768535e-07
9.527500472427300338e+02 5.259568812578461410e-07
9.749649183484095829e+02 4.931995508013289070e-07
9.976977642363211771e+02 4.624823928267682044e-07
1.020960662306047539e+03 4.336783424987482166e-07
1.044765971560805156e+03 4.066682487635491404e-07
1.069126339173477163e+03 3.813403814670637124e-07
1.094054707205743625e+03 3.575899691701700916e-07
1.119564319483879444e+03 3.353187657496802554e-07
1.145668728634872650e+03 3.144346439952524351e-07
1.172381803286599734e+03 2.948512145250706746e-07
1.199717735435885515e+03 2.764874684123835852e-07
1.227691047988360424e+03 2.592674420785688738e-07
1.256316602474121510e+03 2.431199030619027971e-07
1.285609606943296512e+03 2.279780553571047158e-07
1.315585624045705117e+03 2.137792631067322915e-07
1.346260579298911125e+03 2.004647915014418090e-07
1.377650769549054985e+03 1.879795638173501825e-07
1.409772871628967778e+03 1.762719335853795467e-07
1.442643951218158918e+03 1.652934709488733406e-07
1.476281471909391030e+03 1.549987623286724284e-07
1.510703304486655497e+03 1.453452225669435502e-07
1.545927736419478606e+03 1.362929187692183947e-07
1.581973481578601422e+03 1.278044051177112265e-07
1.618859690178199116e+03 1.198445679726726724e-07
1.656605958949915248e+03 1.123804806210802633e-07
1.695232341554121376e+03 1.053812670717588296e-07
1.734759359233932628e+03 9.881797433354614622e-08
1.775208011717636055e+03 9.266345264821687010e-08
1.816599788375328671e+03 8.689224318283344090e-08
1.858956679635688261e+03 8.148047271626431224e-08
1.902301188668945770e+03 7.640575488496131948e-08
1.946656343342263199e+03 7.164709757939675498e-08
1.992045708453871384e+03 6.718481610797327170e-08
2.038493398252464203e+03 6.300045176920527356e-08
2.086024089248504879e+03 5.907669549534527015e-08
2.134663033324245589e+03 5.539731625158686865e-08
2.184436071149428244e+03 5.194709389466431153e-08
2.235369645909796418e+03 4.871175621308856295e-08
2.287490817355704166e+03 4.567791988863169924e-08
2.340827276178294142e+03 4.283303513484851709e-08
2.395407358720879529e+03 4.016533378355543753e-08
2.451260062033339636e+03 3.766378060454957130e-08
2.508415059277541332e+03 3.531802765720548964e-08
2.566902715491951767e+03 3.311837148512026830e-08
2.626754103723838398e+03 3.105571297673160934e-08
2.688001021537607357e+03 2.912151972587770860e-08
2.750676007908067277e+03 2.730779073659100263e-08
2.814812360507581161e+03 2.560702332613526917e-08
2.880444153396297679e+03 2.401218208935179036e-08
2.947606255124858762e+03 2.251666979595801140e-08
3.016334347259197330e+03 2.111430010040152443e-08
3.086664943337274508e+03 1.979927195138550169e-08
3.158635408267819003e+03 1.856614559520371800e-08
3.232283978181380917e+03 1.740982007361935303e-08
3.307649780744242435e+03 1.632551212321162938e-08
3.384772855945982883e+03 1.530873638889698325e-08
3.463694177371734440e+03 1.435528686977977255e-08
3.544455673970435782e+03 1.346121952058429960e-08
3.627100252330648345e+03 1.262283593669210300e-08
3.711671819475766824e+03 1.183666805529821717e-08
3.798215306190736101e+03 1.109946380940153758e-08
3.886776690892667830e+03 1.040817367528321670e-08
3.977403024058036863e+03 9.759938057827903274e-09
4.070142453219438721e+03 9.152075461504462593e-09
4.165044248545184928e+03 8.582071398075304519e-09
4.262158829015324955e+03 8.047567985147690795e-09
4.361537789208005961e+03 7.546354192543218858e-09
4.463233926710397100e+03 7.076356696136578024e-09
4.567301270168746669e+03 6.635631301328921663e-09
4.673795107992463272e+03 6.222354900681505871e-09
4.782772017727485036e+03 5.834817932437051102e-09
4.894289896114531984e+03 5.471417308736232967e-09
5.008407989848212310e+03 5.130649784274377349e-09
5.125186927053332511e+03 4.811105737967411258e-09
5.244688749495118827e+03 4.511463341904182633e-09
5.366976945540475754e+03 4.230483093465524428e-09
5.492116483887789400e+03 3.967002687988926483e-09
5.620173848083188204e+03 3.719932210772662086e-09
5.751217071841613688e+03 3.488249628527327788e-09
5.885315775191450484e+03 3.270996561626431425e-09
6.022541201461927812e+03 3.067274319667668307e-09
6.162966255132942024e+03 2.876240183944050474e-09
6.306665540567405515e+03 2.697103921448663545e-09
6.453715401646702048e+03 2.529124515991829674e-09
6.604193962330305112e+03 2.371607102908814278e-09
6.758181168161110691e+03 2.223900094678370518e-09
6.915758828738525153e+03 2.085392485561547046e-09
7.077010661181889191e+03 1.955511324111640293e-09
7.242022334607315315e+03 1.833719343099649354e-09
7.410881515641569422e+03 1.719512737051203475e-09
7.583677914997190783e+03 1.612419078201666063e-09
7.760503335133571454e+03 1.511995362248539286e-09
7.941451719029339984e+03 1.417826175817030356e-09
8.126619200091945459e+03 1.329521978058502574e-09
8.316104153230960947e+03 1.246717489273323485e-09
8.510007247122246554e+03 1.169070179892537608e-09
8.708431497690724427e+03 1.096258853568055507e-09
8.911482322840201959e+03 1.027982318509569011e-09
9.119267598459298824e+03 9.639581415728872799e-10
9.331897715733239238e+03 9.039214799452199571e-10
9.549485639791966605e+03 8.476239855945695492e-10
9.772146969725725285e+03 7.948327779518678314e-10
1.000000000000000000e+04 7.453294805756743925e-10
